248 248 248 248 248 252 255 255 255 255 252 248 248 248 248 248
248 248 248 248 248 252 254 250 250 254 252 248 248 248 248 248
248 248 248 248 248 252 253 248 248 253 252 248 248 248 248 248
248 248 248 248 248 252 253 248 248 253 252 248 248 248 248 248
248 248 248 248 248 252 255 255 255 255 252 248 248 248 248 248
252 252 252 252 252 255 254 252 252 254 255 252 252 252 252 252
255 254 253 253 255 254 254 248 248 254 254 255 253 253 254 255
255 250 248 248 255 252 248 248 248 248 252 255 248 248 250 255
255 250 248 248 255 252 248 248 248 248 253 255 248 248 250 255
255 254 253 253 255 254 254 248 248 254 254 255 253 253 254 255
252 252 252 252 252 255 254 252 253 254 255 252 252 252 252 252
248 248 248 248 248 252 255 255 255 255 252 248 248 248 248 248
248 248 248 248 248 252 253 248 248 253 252 248 248 248 248 248
248 248 248 248 248 252 253 248 248 253 252 248 248 248 248 248
248 248 248 248 248 252 254 250 250 254 252 248 248 248 248 248
248 248 248 248 248 252 255 255 255 255 252 248 248 248 248 248
168 168 168 168 168 230 255 255 255 255 230 168 168 168 168 168
168 168 168 168 168 230 238 191 191 238 230 168 168 168 168 168
168 168 168 168 168 230 231 168 168 231 230 168 168 168 168 168
168 168 168 168 168 230 231 168 168 231 230 168 168 168 168 168
168 168 168 168 168 230 255 255 255 255 230 168 168 168 168 168
230 230 230 230 230 248 254 240 240 254 248 230 230 230 230 230
255 238 231 231 255 254 242 168 168 242 254 255 231 231 238 255
255 191 168 168 255 240 168 168 168 168 240 255 168 168 192 255
255 191 168 168 255 241 168 168 168 168 241 255 168 168 192 255
255 238 231 231 255 254 242 168 168 242 254 255 231 231 238 255
230 230 230 230 230 248 254 241 241 254 248 230 230 230 230 230
168 168 168 168 168 230 255 255 255 255 230 168 168 168 168 168
168 168 168 168 168 230 231 168 168 231 230 168 168 168 168 168
168 168 168 168 168 230 231 168 168 231 230 168 168 168 168 168
168 168 168 168 168 230 238 192 192 238 230 168 168 168 168 168
168 168 168 168 168 230 255 255 255 255 230 168 168 168 168 168
 56  56  56  56  56 200 255 255 255 255 199  56  56  56  56  56
 56  56  56  56  56 200 215 110 110 216 199  56  56  56  56  56
 56  56  56  56  56 200 200  56  56 201 199  56  56  56  56  56
 56  56  56  56  56 200 200  56  56 201 199  56  56  56  56  56
 56  56  56  56  56 200 255 255 255 255 199  56  56  56  56  56
200 200 200 200 200 240 254 223 224 254 240 200 200 200 200 200
255 215 200 200 255 254 225  57  57 225 254 255 200 200 215 255
255 110  56  56 255 223  57  56  56  57 224 255  56  56 111 255
255 110  56  56 255 224  57  56  56  57 224 255  56  56 111 255
255 216 201 201 255 254 226  57  57 226 254 255 201 201 216 255
199 199 199 199 199 240 254 224 224 254 239 199 199 199 199 199
 56  56  56  56  56 200 255 255 255 255 199  56  56  56  56  56
 56  56  56  56  56 200 200  56  56 201 199  56  56  56  56  56
 56  56  56  56  56 200 200  56  56 201 199  56  56  56  56  56
 56  56  56  56  56 200 215 111 111 216 199  56  56  56  56  56
 56  56  56  56  56 200 255 255 255 255 199  56  56  56  56  56

248 248 248 248 248 252 255 255 255 255 252 248 248 248 248 248
248 248 248 248 248 252 254 250 250 254 252 248 248 248 248 248
248 248 248 248 248 252 253 248 248 253 252 248 248 248 248 248
248 248 248 248 248 252 253 248 248 253 252 248 248 248 248 248
248 248 248 248 248 252 255 255 255 255 252 248 248 248 248 248
252 252 252 252 252 255 254 252 253 254 255 252 252 252 252 252
255 254 253 253 255 254 254 248 248 254 254 255 253 253 254 255
255 250 248 248 255 252 248 248 248 248 253 255 248 248 250 255
255 250 248 248 255 252 248 248 248 248 252 255 248 248 250 255
255 254 253 253 255 254 254 248 248 254 254 255 253 253 254 255
252 252 252 252 252 255 254 252 252 254 255 252 252 252 252 252
248 248 248 248 248 252 255 255 255 255 252 248 248 248 248 248
248 248 248 248 248 252 253 248 248 253 252 248 248 248 248 248
248 248 248 248 248 252 253 248 248 253 252 248 248 248 248 248
248 248 248 248 248 252 254 250 250 254 252 248 248 248 248 248
248 248 248 248 248 252 255 255 255 255 252 248 248 248 248 248
168 168 168 168 168 230 255 255 255 255 230 168 168 168 168 168
168 168 168 168 168 230 238 192 192 238 230 168 168 168 168 168
168 168 168 168 168 230 231 168 168 231 230 168 168 168 168 168
168 168 168 168 168 230 231 168 168 231 230 168 168 168 168 168
168 168 168 168 168 230 255 255 255 255 230 168 168 168 168 168
230 230 230 230 230 248 254 240 241 254 248 230 230 230 230 230
255 238 231 231 255 254 242 168 168 242 254 255 231 231 238 255
255 191 168 168 255 240 168 168 168 168 241 255 168 168 192 255
255 191 168 168 255 240 168 168 168 168 241 255 168 168 192 255
255 238 231 231 255 254 242 168 168 242 254 255 231 231 238 255
230 230 230 230 230 248 254 240 241 254 248 230 230 230 230 230
168 168 168 168 168 230 255 255 255 255 230 168 168 168 168 168
168 168 168 168 168 230 231 168 168 231 230 168 168 168 168 168
168 168 168 168 168 230 231 168 168 231 230 168 168 168 168 168
168 168 168 168 168 230 238 191 191 238 230 168 168 168 168 168
168 168 168 168 168 230 255 255 255 255 230 168 168 168 168 168
 56  56  56  56  56 200 255 255 255 255 199  56  56  56  56  56
 56  56  56  56  56 200 215 111 111 216 199  56  56  56  56  56
 56  56  56  56  56 200 200  56  56 201 199  56  56  56  56  56
 56  56  56  56  56 200 200  56  56 201 199  56  56  56  56  56
 56  56  56  56  56 200 255 255 255 255 199  56  56  56  56  56
199 199 199 199 199 240 254 224 224 254 239 199 199 199 199 199
255 216 201 201 255 254 225  57  57 226 254 255 201 201 216 255
255 110  56  56 255 224  57  56  56  57 224 255  56  56 111 255
255 110  56  56 255 223  57  56  56  57 224 255  56  56 111 255
255 215 200 200 255 254 225  57  57 226 254 255 200 200 215 255
200 200 200 200 200 240 254 223 224 254 240 200 200 200 200 200
 56  56  56  56  56 200 255 255 255 255 199  56  56  56  56  56
 56  56  56  56  56 200 200  56  56 201 199  56  56  56  56  56
 56  56  56  56  56 200 200  56  56 201 199  56  56  56  56  56
 56  56  56  56  56 200 215 110 110 216 199  56  56  56  56  56
 56  56  56  56  56 200 255 255 255 255 199  56  56  56  56  56

248 248 248 248 248 252 255 255 255 255 252 248 248 248 248 248
248 248 248 248 248 252 254 250 250 254 252 248 248 248 248 248
248 248 248 248 248 252 253 248 248 253 252 248 248 248 248 248
248 248 248 248 248 252 253 248 248 253 252 248 248 248 248 248
248 248 248 248 248 252 255 255 255 255 252 248 248 248 248 248
252 252 252 252 252 255 254 253 252 254 255 252 252 252 252 252
255 254 253 253 255 254 254 248 248 254 254 255 253 253 254 255
255 250 248 248 255 253 248 248 248 248 252 255 248 248 250 255
255 250 248 248 255 252 248 248 248 248 252 255 248 248 250 255
255 254 253 253 255 254 254 248 248 254 254 255 253 253 254 255
252 252 252 252 252 255 254 252 252 254 255 252 252 252 252 252
248 248 248 248 248 252 255 255 255 255 252 248 248 248 248 248
248 248 248 248 248 252 253 248 248 253 252 248 248 248 248 248
248 248 248 248 248 252 253 248 248 253 252 248 248 248 248 248
248 248 248 248 248 252 254 250 250 254 252 248 248 248 248 248
248 248 248 248 248 252 255 255 255 255 252 248 248 248 248 248
168 168 168 168 168 230 255 255 255 255 230 168 168 168 168 168
168 168 168 168 168 230 238 192 192 238 230 168 168 168 168 168
168 168 168 168 168 230 231 168 168 231 230 168 168 168 168 168
168 168 168 168 168 230 231 168 168 231 230 168 168 168 168 168
168 168 168 168 168 230 255 255 255 255 230 168 168 168 168 168
230 230 230 230 230 248 254 241 241 254 248 230 230 230 230 230
255 238 231 231 255 254 242 168 168 242 254 255 231 231 238 255
255 192 168 168 255 241 168 168 168 168 241 255 168 168 191 255
255 192 168 168 255 240 168 168 168 168 240 255 168 168 191 255
255 238 231 231 255 254 242 168 168 242 254 255 231 231 238 255
230 230 230 230 230 248 254 240 240 254 248 230 230 230 230 230
168 168 168 168 168 230 255 255 255 255 230 168 168 168 168 168
168 168 168 168 168 230 231 168 168 231 230 168 168 168 168 168
168 168 168 168 168 230 231 168 168 231 230 168 168 168 168 168
168 168 168 168 168 230 238 191 191 238 230 168 168 168 168 168
168 168 168 168 168 230 255 255 255 255 230 168 168 168 168 168
 56  56  56  56  56 199 255 255 255 255 200  56  56  56  56  56
 56  56  56  56  56 199 216 111 111 215 200  56  56  56  56  56
 56  56  56  56  56 199 201  56  56 200 200  56  56  56  56  56
 56  56  56  56  56 199 201  56  56 200 200  56  56  56  56  56
 56  56  56  56  56 199 255 255 255 255 200  56  56  56  56  56
199 199 199 199 199 239 254 224 224 254 240 199 199 199 199 199
255 216 201 201 255 254 226  57  57 226 254 255 201 201 216 255
255 111  56  56 255 224  57  56  56  57 224 255  56  56 110 255
255 111  56  56 255 224  57  56  56  57 223 255  56  56 110 255
255 215 200 200 255 254 225  57  57 225 254 255 200 200 215 255
200 200 200 200 200 240 254 224 223 254 240 200 200 200 200 200
 56  56  56  56  56 199 255 255 255 255 200  56  56  56  56  56
 56  56  56  56  56 199 201  56  56 200 200  56  56  56  56  56
 56  56  56  56  56 199 201  56  56 200 200  56  56  56  56  56
 56  56  56  56  56 199 216 110 110 215 200  56  56  56  56  56
 56  56  56  56  56 199 255 255 255 255 200  56  56  56  56  56

248 248 248 248 248 252 255 255 255 255 252 248 248 248 248 248
248 248 248 248 248 252 254 250 250 254 252 248 248 248 248 248
248 248 248 248 248 252 253 248 248 253 252 248 248 248 248 248
248 248 248 248 248 252 253 248 248 253 252 248 248 248 248 248
248 248 248 248 248 252 255 255 255 255 252 248 248 248 248 248
252 252 252 252 252 255 254 252 252 254 255 252 252 252 252 252
255 254 253 253 255 254 254 248 248 254 254 255 253 253 254 255
255 250 248 248 255 252 248 248 248 248 252 255 248 248 250 255
255 250 248 248 255 253 248 248 248 248 252 255 248 248 250 255
255 254 253 253 255 254 254 248 248 254 254 255 253 253 254 255
252 252 252 252 252 255 254 253 252 254 255 252 252 252 252 252
248 248 248 248 248 252 255 255 255 255 252 248 248 248 248 248
248 248 248 248 248 252 253 248 248 253 252 248 248 248 248 248
248 248 248 248 248 252 253 248 248 253 252 248 248 248 248 248
248 248 248 248 248 252 254 250 250 254 252 248 248 248 248 248
248 248 248 248 248 252 255 255 255 255 252 248 248 248 248 248
168 168 168 168 168 230 255 255 255 255 230 168 168 168 168 168
168 168 168 168 168 230 238 191 191 238 230 168 168 168 168 168
168 168 168 168 168 230 231 168 168 231 230 168 168 168 168 168
168 168 168 168 168 230 231 168 168 231 230 168 168 168 168 168
168 168 168 168 168 230 255 255 255 255 230 168 168 168 168 168
230 230 230 230 230 248 254 241 240 254 248 230 230 230 230 230
255 238 231 231 255 254 242 168 168 242 254 255 231 231 238 255
255 192 168 168 255 241 168 168 168 168 240 255 168 168 191 255
255 192 168 168 255 241 168 168 168 168 240 255 168 168 191 255
255 238 231 231 255 254 242 168 168 242 254 255 231 231 238 255
230 230 230 230 230 248 254 241 240 254 248 230 230 230 230 230
168 168 168 168 168 230 255 255 255 255 230 168 168 168 168 168
168 168 168 168 168 230 231 168 168 231 230 168 168 168 168 168
168 168 168 168 168 230 231 168 168 231 230 168 168 168 168 168
168 168 168 168 168 230 238 192 192 238 230 168 168 168 168 168
168 168 168 168 168 230 255 255 255 255 230 168 168 168 168 168
 56  56  56  56  56 199 255 255 255 255 200  56  56  56  56  56
 56  56  56  56  56 199 216 110 110 215 200  56  56  56  56  56
 56  56  56  56  56 199 201  56  56 200 200  56  56  56  56  56
 56  56  56  56  56 199 201  56  56 200 200  56  56  56  56  56
 56  56  56  56  56 199 255 255 255 255 200  56  56  56  56  56
200 200 200 200 200 240 254 224 223 254 240 200 200 200 200 200
255 215 200 200 255 254 226  57  57 225 254 255 200 200 215 255
255 111  56  56 255 224  57  56  56  57 223 255  56  56 110 255
255 111  56  56 255 224  57  56  56  57 224 255  56  56 110 255
255 216 201 201 255 254 226  57  57 225 254 255 201 201 216 255
199 199 199 199 199 239 254 224 224 254 240 199 199 199 199 199
 56  56  56  56  56 199 255 255 255 255 200  56  56  56  56  56
 56  56  56  56  56 199 201  56  56 200 200  56  56  56  56  56
 56  56  56  56  56 199 201  56  56 200 200  56  56  56  56  56
 56  56  56  56  56 199 216 111 111 215 200  56  56  56  56  56
 56  56  56  56  56 199 255 255 255 255 200  56  56  56  56  56
