144 144 144 144 144 143 144 163 162 144 143 144 144 144 144 144
144 144 144 144 144 143 144 237 236 144 143 144 144 144 144 144
144 144 144 144 144 148 163 255 255 162 148 144 144 144 144 144
144 144 144 144 200 173 237 255 255 236 174 200 144 144 144 144
144 144 144 200 255 192 255 255 255 255 192 255 200 144 144 144
143 143 148 173 192 248 252 236 236 252 248 192 173 147 143 143
144 144 163 236 255 252 238 144 144 238 252 255 237 163 144 144
163 237 255 255 255 236 144 144 144 144 236 255 255 255 237 163
162 236 255 255 255 236 144 144 144 145 236 255 255 255 236 162
144 144 162 236 255 252 239 145 145 239 252 255 236 162 144 144
143 143 148 174 192 248 252 236 236 252 248 192 174 147 143 143
144 144 144 199 255 192 255 255 255 255 192 255 199 144 144 144
144 144 144 144 199 173 236 255 255 236 174 199 144 144 144 144
144 144 144 144 144 147 163 255 255 162 147 144 144 144 144 144
144 144 144 144 144 143 144 236 236 144 143 144 144 144 144 144
144 144 144 144 144 143 144 163 162 144 143 144 144 144 144 144
 24  24  24  24  24  24  24  63  62  24  24  24  24  24  24  24
 24  24  24  24  24  24  24 217 216  24  24  24  24  24  24  24
 24  24  24  24  24  32  63 255 255  62  33  24  24  24  24  24
 24  24  24  24 140  86 217 255 255 216  87 140  24  24  24  24
 24  24  24 140 255 125 255 255 255 255 126 255 140  24  24  24
 24  24  32  86 125 241 251 216 216 251 241 125  86  32  24  24
 24  24  63 216 255 251 220  25  25 220 251 255 217  63  24  24
 63 217 255 255 255 216  25  24  24  25 216 255 255 255 217  63
 62 216 255 255 255 217  25  24  24  25 217 255 255 255 216  62
 24  24  62 216 255 251 221  25  25 221 251 255 216  62  24  24
 24  24  32  87 125 241 251 217 217 251 241 126  87  32  24  24
 24  24  24 139 255 125 255 255 255 255 125 255 139  24  24  24
 24  24  24  24 139  86 216 255 255 216  87 139  24  24  24  24
 24  24  24  24  24  32  63 255 255  62  32  24  24  24  24  24
 24  24  24  24  24  24  24 216 216  24  24  24  24  24  24  24
 24  24  24  24  24  24  24  63  62  24  24  24  24  24  24  24
216 216 216 216 216 215 216 223 222 216 215 216 216 216 216 216
216 216 216 216 216 215 216 249 248 216 215 216 216 216 216 216
216 216 216 216 216 217 223 255 255 222 217 216 216 216 216 216
216 216 216 216 236 226 249 255 255 248 226 236 216 216 216 216
216 216 216 236 255 232 255 255 255 255 232 255 236 216 216 216
215 215 217 226 232 252 253 247 247 253 252 232 226 217 215 215
216 216 223 248 255 253 249 216 216 249 253 255 249 223 216 216
223 248 255 255 255 247 216 216 216 216 247 255 255 255 249 223
222 248 255 255 255 248 216 216 216 216 248 255 255 255 248 222
216 216 222 248 255 253 249 216 216 249 253 255 248 222 216 216
215 215 217 226 232 252 253 248 248 253 252 232 226 217 215 215
216 216 216 235 255 232 255 255 255 255 232 255 235 216 216 216
216 216 216 216 235 226 248 255 255 248 226 235 216 216 216 216
216 216 216 216 216 217 223 255 255 222 217 216 216 216 216 216
216 216 216 216 216 215 216 248 248 216 215 216 216 216 216 216
216 216 216 216 216 215 216 223 222 216 215 216 216 216 216 216

144 144 144 144 144 143 144 163 162 144 143 144 144 144 144 144
144 144 144 144 144 143 144 237 236 144 143 144 144 144 144 144
144 144 144 144 144 147 163 255 255 162 147 144 144 144 144 144
144 144 144 144 200 173 237 255 255 236 174 199 144 144 144 144
144 144 144 200 255 192 255 255 255 255 192 255 199 144 144 144
143 143 148 174 192 248 252 236 236 252 248 192 174 147 143 143
144 144 162 236 255 252 238 144 145 239 252 255 236 162 144 144
162 236 255 255 255 236 144 144 144 145 236 255 255 255 236 162
163 237 255 255 255 236 144 144 144 145 236 255 255 255 236 163
144 144 163 237 255 252 238 144 144 239 252 255 236 163 144 144
143 143 148 173 192 248 252 236 236 252 248 192 173 147 143 143
144 144 144 200 255 192 255 255 255 255 192 255 199 144 144 144
144 144 144 144 200 173 236 255 255 236 174 199 144 144 144 144
144 144 144 144 144 148 163 255 255 162 148 144 144 144 144 144
144 144 144 144 144 143 144 237 236 144 143 144 144 144 144 144
144 144 144 144 144 143 144 163 162 144 143 144 144 144 144 144
 24  24  24  24  24  24  24  63  62  24  24  24  24  24  24  24
 24  24  24  24  24  24  24 217 216  24  24  24  24  24  24  24
 24  24  24  24  24  32  63 255 255  62  32  24  24  24  24  24
 24  24  24  24 140  86 217 255 255 216  87 139  24  24  24  24
 24  24  24 140 255 125 255 255 255 255 126 255 139  24  24  24
 24  24  33  87 126 241 251 216 217 251 241 125  87  32  24  24
 24  24  62 216 255 251 220  25  25 221 251 255 216  62  24  24
 62 216 255 255 255 216  25  24  24  25 217 255 255 255 216  62
 63 217 255 255 255 216  25  24  24  25 217 255 255 255 216  63
 24  24  63 217 255 251 220  25  25 221 251 255 216  63  24  24
 24  24  32  86 125 241 251 216 217 251 241 125  86  32  24  24
 24  24  24 140 255 125 255 255 255 255 125 255 139  24  24  24
 24  24  24  24 140  86 216 255 255 216  87 139  24  24  24  24
 24  24  24  24  24  32  63 255 255  62  32  24  24  24  24  24
 24  24  24  24  24  24  24 217 216  24  24  24  24  24  24  24
 24  24  24  24  24  24  24  63  62  24  24  24  24  24  24  24
216 216 216 216 216 215 216 223 222 216 215 216 216 216 216 216
216 216 216 216 216 215 216 249 248 216 215 216 216 216 216 216
216 216 216 216 216 217 223 255 255 222 217 216 216 216 216 216
216 216 216 216 236 226 249 255 255 248 226 235 216 216 216 216
216 216 216 236 255 232 255 255 255 255 232 255 235 216 216 216
215 215 217 226 232 252 253 247 248 253 252 232 226 217 215 215
216 216 222 248 255 253 249 216 216 249 253 255 248 222 216 216
222 248 255 255 255 247 216 216 216 216 248 255 255 255 248 222
223 249 255 255 255 247 216 216 216 216 248 255 255 255 248 223
216 216 223 249 255 253 249 216 216 249 253 255 248 223 216 216
215 215 217 226 232 252 253 247 248 253 252 232 226 217 215 215
216 216 216 236 255 232 255 255 255 255 232 255 235 216 216 216
216 216 216 216 236 226 248 255 255 248 226 235 216 216 216 216
216 216 216 216 216 217 223 255 255 222 217 216 216 216 216 216
216 216 216 216 216 215 216 248 248 216 215 216 216 216 216 216
216 216 216 216 216 215 216 223 222 216 215 216 216 216 216 216

144 144 144 144 144 143 144 162 163 144 143 144 144 144 144 144
144 144 144 144 144 143 144 236 236 144 143 144 144 144 144 144
144 144 144 144 144 147 162 255 255 163 147 144 144 144 144 144
144 144 144 144 199 174 236 255 255 236 173 199 144 144 144 144
144 144 144 199 255 192 255 255 255 255 192 255 199 144 144 144
143 143 147 174 192 248 252 236 236 252 248 192 174 148 143 143
144 144 162 236 255 252 239 145 145 239 252 255 236 162 144 144
162 236 255 255 255 236 145 144 144 144 236 255 255 255 236 162
163 237 255 255 255 236 144 144 144 144 236 255 255 255 237 163
144 144 163 237 255 252 238 144 144 238 252 255 236 163 144 144
143 143 147 173 192 248 252 236 236 252 248 192 173 148 143 143
144 144 144 200 255 192 255 255 255 255 192 255 200 144 144 144
144 144 144 144 200 174 236 255 255 237 173 200 144 144 144 144
144 144 144 144 144 148 162 255 255 163 148 144 144 144 144 144
144 144 144 144 144 143 144 236 237 144 143 144 144 144 144 144
144 144 144 144 144 143 144 162 163 144 143 144 144 144 144 144
 24  24  24  24  24  24  24  62  63  24  24  24  24  24  24  24
 24  24  24  24  24  24  24 216 216  24  24  24  24  24  24  24
 24  24  24  24  24  32  62 255 255  63  32  24  24  24  24  24
 24  24  24  24 139  87 216 255 255 216  86 139  24  24  24  24
 24  24  24 139 255 125 255 255 255 255 125 255 139  24  24  24
 24  24  32  87 126 241 251 217 217 251 241 125  87  32  24  24
 24  24  62 216 255 251 221  25  25 221 251 255 216  62  24  24
 62 216 255 255 255 217  25  24  24  25 217 255 255 255 216  62
 63 217 255 255 255 216  25  24  24  25 216 255 255 255 217  63
 24  24  63 217 255 251 220  25  25 220 251 255 216  63  24  24
 24  24  32  86 125 241 251 216 216 251 241 125  86  32  24  24
 24  24  24 140 255 126 255 255 255 255 125 255 140  24  24  24
 24  24  24  24 140  87 216 255 255 217  86 140  24  24  24  24
 24  24  24  24  24  33  62 255 255  63  32  24  24  24  24  24
 24  24  24  24  24  24  24 216 217  24  24  24  24  24  24  24
 24  24  24  24  24  24  24  62  63  24  24  24  24  24  24  24
216 216 216 216 216 215 216 222 223 216 215 216 216 216 216 216
216 216 216 216 216 215 216 248 248 216 215 216 216 216 216 216
216 216 216 216 216 217 222 255 255 223 217 216 216 216 216 216
216 216 216 216 235 226 248 255 255 248 226 235 216 216 216 216
216 216 216 235 255 232 255 255 255 255 232 255 235 216 216 216
215 215 217 226 232 252 253 248 248 253 252 232 226 217 215 215
216 216 222 248 255 253 249 216 216 249 253 255 248 222 216 216
222 248 255 255 255 248 216 216 216 216 248 255 255 255 248 222
223 249 255 255 255 247 216 216 216 216 247 255 255 255 248 223
216 216 223 249 255 253 249 216 216 249 253 255 248 223 216 216
215 215 217 226 232 252 253 247 247 253 252 232 226 217 215 215
216 216 216 236 255 232 255 255 255 255 232 255 236 216 216 216
216 216 216 216 236 226 248 255 255 249 226 236 216 216 216 216
216 216 216 216 216 217 222 255 255 223 217 216 216 216 216 216
216 216 216 216 216 215 216 248 249 216 215 216 216 216 216 216
216 216 216 216 216 215 216 222 223 216 215 216 216 216 216 216

144 144 144 144 144 143 144 162 163 144 143 144 144 144 144 144
144 144 144 144 144 143 144 236 237 144 143 144 144 144 144 144
144 144 144 144 144 148 162 255 255 163 148 144 144 144 144 144
144 144 144 144 199 174 236 255 255 236 173 200 144 144 144 144
144 144 144 199 255 192 255 255 255 255 192 255 200 144 144 144
143 143 147 173 192 248 252 236 236 252 248 192 173 148 143 143
144 144 163 236 255 252 239 144 144 238 252 255 237 163 144 144
163 236 255 255 255 236 145 144 144 144 236 255 255 255 237 163
162 236 255 255 255 236 145 144 144 144 236 255 255 255 236 162
144 144 162 236 255 252 239 145 144 238 252 255 236 162 144 144
143 143 147 174 192 248 252 236 236 252 248 192 174 148 143 143
144 144 144 199 255 192 255 255 255 255 192 255 200 144 144 144
144 144 144 144 199 174 236 255 255 237 173 200 144 144 144 144
144 144 144 144 144 147 162 255 255 163 147 144 144 144 144 144
144 144 144 144 144 143 144 236 237 144 143 144 144 144 144 144
144 144 144 144 144 143 144 162 163 144 143 144 144 144 144 144
 24  24  24  24  24  24  24  62  63  24  24  24  24  24  24  24
 24  24  24  24  24  24  24 216 217  24  24  24  24  24  24  24
 24  24  24  24  24  32  62 255 255  63  32  24  24  24  24  24
 24  24  24  24 139  87 216 255 255 216  86 140  24  24  24  24
 24  24  24 139 255 125 255 255 255 255 125 255 140  24  24  24
 24  24  32  86 125 241 251 217 216 251 241 125  86  32  24  24
 24  24  63 216 255 251 221  25  25 220 251 255 217  63  24  24
 63 216 255 255 255 217  25  24  24  25 216 255 255 255 217  63
 62 216 255 255 255 217  25  24  24  25 216 255 255 255 216  62
 24  24  62 216 255 251 221  25  25 220 251 255 216  62  24  24
 24  24  32  87 125 241 251 217 216 251 241 126  87  33  24  24
 24  24  24 139 255 126 255 255 255 255 125 255 140  24  24  24
 24  24  24  24 139  87 216 255 255 217  86 140  24  24  24  24
 24  24  24  24  24  32  62 255 255  63  32  24  24  24  24  24
 24  24  24  24  24  24  24 216 217  24  24  24  24  24  24  24
 24  24  24  24  24  24  24  62  63  24  24  24  24  24  24  24
216 216 216 216 216 215 216 222 223 216 215 216 216 216 216 216
216 216 216 216 216 215 216 248 248 216 215 216 216 216 216 216
216 216 216 216 216 217 222 255 255 223 217 216 216 216 216 216
216 216 216 216 235 226 248 255 255 248 226 236 216 216 216 216
216 216 216 235 255 232 255 255 255 255 232 255 236 216 216 216
215 215 217 226 232 252 253 248 247 253 252 232 226 217 215 215
216 216 223 248 255 253 249 216 216 249 253 255 249 223 216 216
223 248 255 255 255 248 216 216 216 216 247 255 255 255 249 223
222 248 255 255 255 248 216 216 216 216 247 255 255 255 248 222
216 216 222 248 255 253 249 216 216 249 253 255 248 222 216 216
215 215 217 226 232 252 253 248 247 253 252 232 226 217 215 215
216 216 216 235 255 232 255 255 255 255 232 255 236 216 216 216
216 216 216 216 235 226 248 255 255 249 226 236 216 216 216 216
216 216 216 216 216 217 222 255 255 223 217 216 216 216 216 216
216 216 216 216 216 215 216 248 249 216 215 216 216 216 216 216
216 216 216 216 216 215 216 222 223 216 215 216 216 216 216 216
