255 255 249  88  88 183  89  88  88  88  88  88  88 250 255 255
255 255 255 152  88 208 230  89  88  88  88  88 153 255 255 255
249 255 255 249  88 208 255 230  89  88  88  88 250 255 255 249
 88 152 249 255 152 208 255 255 230  89  88 153 255 249 152  88
 88  88  88 152 244 208 255 255 255 230  89 244 152  88  88  88
 88  88  88  88  89 153 133 158 158 133 153 208 208 208 208 183
 88  88  88  89 230 133 113 254 254 113 133 255 255 255 230  89
 88  88  89 231 255 158 254 255 255 254 158 255 255 230  89  88
 88  89 231 255 255 157 254 255 255 254 158 255 230  89  88  88
 89 231 255 255 255 133 113 254 254 112 133 230  89  88  88  88
183 207 207 207 207 153 133 158 158 133 154  89  88  88  88  88
 88  88  88 153 244  89 230 255 255 255 207 244 153  88  88  88
 88 153 249 255 152  88  89 230 255 255 207 153 255 249 153  88
249 255 255 249  88  88  88  89 230 255 207  88 249 255 255 249
255 255 255 152  88  88  88  88  89 230 207  88 153 255 255 255
255 255 249  88  88  88  88  88  88  89 182  88  88 249 255 255
255 255 251 144 144 207 144 144 144 144 143 144 144 251 255 255
255 255 255 187 144 223 239 145 144 144 143 144 187 255 255 255
251 255 255 251 144 223 255 239 145 144 143 144 251 255 255 251
144 186 251 255 187 223 255 255 239 145 143 187 255 251 187 144
144 144 144 187 247 223 255 255 255 239 144 248 187 144 144 144
143 143 143 143 144 187 173 190 190 173 188 223 223 223 223 206
144 144 144 145 239 173 161 255 255 161 174 255 255 255 238 144
144 144 145 239 255 190 255 255 255 255 190 255 255 238 144 144
144 145 239 255 255 190 255 255 255 254 190 255 238 144 144 144
145 239 255 255 255 173 160 254 254 160 174 238 144 144 144 144
207 223 223 223 223 188 174 190 190 174 188 144 143 143 143 143
144 144 144 187 247 144 238 255 255 255 223 248 187 144 144 144
144 187 251 255 187 143 145 238 255 255 223 187 255 251 187 144
251 255 255 251 144 143 144 144 238 255 223 144 251 255 255 251
255 255 255 186 144 143 144 144 144 238 223 144 187 255 255 255
255 255 251 144 144 143 144 144 144 144 206 144 144 251 255 255
255 255 247  32  32 159  33  32  32  32  32  32  32 248 255 255
255 255 255 118  32 192 222  33  32  32  32  32 119 255 255 255
247 255 255 247  32 192 255 222  33  32  32  32 248 255 255 247
 32 117 247 255 118 192 255 255 222  33  32 119 255 247 118  32
 32  32  32 118 240 192 255 255 255 222  33 240 118  32  32  32
 32  32  32  32  33 119  92 126 125  92 120 192 192 192 192 159
 32  32  32  33 222  92  66 254 254  65  93 255 255 255 221  33
 32  32  33 222 255 126 254 255 255 254 126 255 255 221  33  32
 32  33 222 255 255 125 254 255 255 254 126 255 221  33  32  32
 33 222 255 255 255  92  65 254 254  65  93 221  33  32  32  32
159 191 191 191 191 120  93 126 126  93 120  33  32  32  32  32
 32  32  32 118 240  33 222 255 255 255 191 240 119  32  32  32
 32 118 248 255 117  32  33 222 255 255 191 118 255 248 118  32
248 255 255 247  32  32  32  33 222 255 191  32 248 255 255 248
255 255 255 117  32  32  32  32  33 222 191  32 118 255 255 255
255 255 247  32  32  32  32  32  32  33 158  32  32 248 255 255

255 255 249  88  88 183  89  88  88  88  88  88  88 249 255 255
255 255 255 152  88 208 230  89  88  88  88  88 153 255 255 255
250 255 255 249  88 208 255 230  89  88  88  88 249 255 255 249
 88 153 250 255 152 208 255 255 230  89  88 153 255 249 153  88
 88  88  88 153 244 208 255 255 255 230  89 244 153  88  88  88
 88  88  88  88  89 153 133 158 158 133 154 207 207 207 207 182
 88  88  88  89 230 133 113 254 254 112 133 255 255 255 230  89
 88  88  89 230 255 158 254 255 255 254 158 255 255 230  89  88
 88  89 230 255 255 158 254 255 255 254 158 255 230  89  88  88
 89 230 255 255 255 133 113 254 254 113 133 230  89  88  88  88
183 208 208 208 208 153 133 158 157 133 153  89  88  88  88  88
 88  88  88 152 244  89 230 255 255 255 207 244 152  88  88  88
 88 152 249 255 152  88  89 231 255 255 207 153 255 249 152  88
249 255 255 249  88  88  88  89 231 255 207  88 249 255 255 249
255 255 255 152  88  88  88  88  89 231 207  88 153 255 255 255
255 255 249  88  88  88  88  88  88  89 183  88  88 249 255 255
255 255 251 144 144 206 144 144 144 144 143 144 144 251 255 255
255 255 255 187 144 223 238 144 144 144 143 144 187 255 255 255
251 255 255 251 144 223 255 238 144 144 143 144 251 255 255 251
144 187 251 255 187 223 255 255 238 144 143 187 255 251 187 144
144 144 144 187 248 223 255 255 255 238 144 248 187 144 144 144
143 143 143 143 144 188 174 190 190 174 188 223 223 223 223 206
144 144 144 145 239 173 161 255 254 160 174 255 255 255 238 144
144 144 145 239 255 190 255 255 255 254 190 255 255 238 144 144
144 145 239 255 255 190 255 255 255 254 190 255 238 144 144 144
144 239 255 255 255 173 161 255 255 160 174 238 145 144 144 144
207 223 223 223 223 187 173 190 190 173 188 144 143 143 143 143
144 144 144 187 247 144 239 255 255 255 223 247 187 144 144 144
144 187 251 255 187 143 145 239 255 255 223 187 255 251 186 144
251 255 255 251 144 143 144 145 239 255 223 144 251 255 255 251
255 255 255 186 144 143 144 144 145 239 223 144 187 255 255 255
255 255 251 144 144 143 144 144 144 145 207 144 144 251 255 255
255 255 247  32  32 159  33  32  32  32  32  32  32 248 255 255
255 255 255 118  32 192 221  33  32  32  32  32 118 255 255 255
248 255 255 247  32 192 255 221  33  32  32  32 248 255 255 248
 32 119 248 255 118 192 255 255 221  33  32 119 255 248 118  32
 32  32  32 119 240 192 255 255 255 221  33 240 118  32  32  32
 32  32  32  32  33 120  93 126 126  93 120 191 191 191 191 158
 32  32  32  33 222  92  65 254 254  65  93 255 255 255 222  33
 32  32  33 222 255 125 254 255 255 254 126 255 255 222  33  32
 32  33 222 255 255 126 254 255 255 254 126 255 222  33  32  32
 33 222 255 255 255  92  66 254 254  65  93 222  33  32  32  32
159 192 192 192 192 119  92 126 125  92 120  33  32  32  32  32
 32  32  32 118 240  33 222 255 255 255 191 240 117  32  32  32
 32 118 247 255 118  32  33 222 255 255 191 118 255 247 117  32
247 255 255 247  32  32  32  33 222 255 191  32 248 255 255 247
255 255 255 117  32  32  32  32  33 222 191  32 118 255 255 255
255 255 247  32  32  32  32  32  32  33 159  32  32 248 255 255

255 255 249  88  88 182  89  88  88  88  88  88  88 249 255 255
255 255 255 153  88 207 230  89  88  88  88  88 152 255 255 255
249 255 255 249  88 207 255 230  89  88  88  88 249 255 255 249
 88 153 249 255 153 207 255 255 230  89  88 152 255 249 153  88
 88  88  88 153 244 207 255 255 255 230  89 244 153  88  88  88
 88  88  88  88  89 154 133 158 158 133 153 207 207 207 207 183
 88  88  88  89 230 133 112 254 254 113 133 255 255 255 231  89
 88  88  89 230 255 158 254 255 255 254 157 255 255 231  89  88
 88  89 230 255 255 158 254 255 255 254 158 255 231  89  88  88
 89 230 255 255 255 133 113 254 254 113 133 230  89  88  88  88
183 208 208 208 208 153 133 158 158 133 153  89  88  88  88  88
 88  88  88 152 244  89 230 255 255 255 208 244 152  88  88  88
 88 152 249 255 153  88  89 230 255 255 208 152 255 249 152  88
249 255 255 250  88  88  88  89 230 255 208  88 249 255 255 249
255 255 255 153  88  88  88  88  89 230 208  88 152 255 255 255
255 255 250  88  88  88  88  88  88  89 183  88  88 249 255 255
255 255 251 144 144 206 144 144 144 144 143 144 144 251 255 255
255 255 255 187 144 223 238 144 144 144 143 144 186 255 255 255
251 255 255 251 144 223 255 238 144 144 143 144 251 255 255 251
144 187 251 255 187 223 255 255 238 145 143 187 255 251 187 144
144 144 144 187 248 223 255 255 255 238 144 247 187 144 144 144
143 143 143 143 144 188 174 190 190 174 188 223 223 223 223 207
144 144 144 144 238 174 160 254 254 160 173 255 255 255 239 145
144 144 144 238 255 190 254 255 255 255 190 255 255 239 145 144
144 144 238 255 255 190 255 255 255 255 190 255 239 145 144 144
144 238 255 255 255 174 161 255 255 161 173 239 145 144 144 144
206 223 223 223 223 188 173 190 190 173 187 144 143 143 143 143
144 144 144 187 248 144 239 255 255 255 223 247 187 144 144 144
144 187 251 255 187 143 145 239 255 255 223 187 255 251 186 144
251 255 255 251 144 143 144 145 239 255 223 144 251 255 255 251
255 255 255 187 144 143 144 144 145 239 223 144 187 255 255 255
255 255 251 144 144 143 144 144 144 144 207 144 144 251 255 255
255 255 248  32  32 158  33  32  32  32  32  32  32 247 255 255
255 255 255 118  32 191 222  33  32  32  32  32 117 255 255 255
248 255 255 248  32 191 255 222  33  32  32  32 247 255 255 248
 32 118 248 255 118 191 255 255 222  33  32 117 255 248 118  32
 32  32  32 119 240 191 255 255 255 222  33 240 118  32  32  32
 32  32  32  32  33 120  93 126 126  93 120 191 191 191 191 159
 32  32  32  33 221  93  65 254 254  65  92 255 255 255 222  33
 32  32  33 221 255 126 254 255 255 254 125 255 255 222  33  32
 32  33 221 255 255 126 254 255 255 254 126 255 222  33  32  32
 33 221 255 255 255  93  65 254 254  66  92 222  33  32  32  32
159 192 192 192 192 120  92 125 126  92 119  33  32  32  32  32
 32  32  32 118 240  33 222 255 255 255 192 240 118  32  32  32
 32 118 247 255 119  32  33 222 255 255 192 118 255 247 117  32
247 255 255 248  32  32  32  33 222 255 192  32 247 255 255 247
255 255 255 119  32  32  32  32  33 222 192  32 118 255 255 255
255 255 248  32  32  32  32  32  32  33 159  32  32 247 255 255

255 255 249  88  88 183  89  88  88  88  88  88  88 249 255 255
255 255 255 153  88 207 231  89  88  88  88  88 152 255 255 255
249 255 255 249  88 207 255 231  89  88  88  88 249 255 255 249
 88 152 249 255 153 207 255 255 231  89  88 152 255 249 152  88
 88  88  88 152 244 207 255 255 255 230  89 244 152  88  88  88
 88  88  88  88  89 153 133 157 158 133 153 208 208 208 208 183
 88  88  88  89 230 133 113 254 254 113 133 255 255 255 230  89
 88  88  89 230 255 158 254 255 255 254 158 255 255 230  89  88
 88  89 230 255 255 158 254 255 255 254 158 255 230  89  88  88
 89 230 255 255 255 133 112 254 254 113 133 230  89  88  88  88
182 207 207 207 207 154 133 158 158 133 153  89  88  88  88  88
 88  88  88 153 244  89 230 255 255 255 208 244 153  88  88  88
 88 153 249 255 153  88  89 230 255 255 208 152 255 250 153  88
249 255 255 249  88  88  88  89 230 255 208  88 249 255 255 250
255 255 255 153  88  88  88  88  89 230 208  88 152 255 255 255
255 255 249  88  88  88  88  88  88  89 183  88  88 249 255 255
255 255 251 144 144 207 145 144 144 144 143 144 144 251 255 255
255 255 255 187 144 223 239 145 144 144 143 144 186 255 255 255
251 255 255 251 144 223 255 239 145 144 143 144 251 255 255 251
144 186 251 255 187 223 255 255 239 145 143 187 255 251 187 144
144 144 144 187 247 223 255 255 255 239 144 247 187 144 144 144
143 143 143 143 144 188 173 190 190 173 187 223 223 223 223 207
144 144 144 145 238 174 160 255 255 161 173 255 255 255 239 144
144 144 144 238 255 190 254 255 255 255 190 255 255 239 145 144
144 144 238 255 255 190 254 255 255 255 190 255 239 145 144 144
144 238 255 255 255 174 160 254 255 161 173 239 145 144 144 144
206 223 223 223 223 188 174 190 190 174 188 144 143 143 143 143
144 144 144 187 248 144 238 255 255 255 223 248 187 144 144 144
144 187 251 255 187 143 144 238 255 255 223 187 255 251 187 144
251 255 255 251 144 143 144 144 238 255 223 144 251 255 255 251
255 255 255 187 144 143 144 144 144 238 223 144 187 255 255 255
255 255 251 144 144 143 144 144 144 144 206 144 144 251 255 255
255 255 248  32  32 159  33  32  32  32  32  32  32 247 255 255
255 255 255 118  32 191 222  33  32  32  32  32 117 255 255 255
247 255 255 248  32 191 255 222  33  32  32  32 247 255 255 247
 32 117 247 255 118 191 255 255 222  33  32 118 255 247 118  32
 32  32  32 117 240 191 255 255 255 222  33 240 118  32  32  32
 32  32  32  32  33 120  92 125 126  92 119 192 192 192 192 159
 32  32  32  33 222  93  65 254 254  66  92 255 255 255 222  33
 32  32  33 222 255 126 254 255 255 254 126 255 255 222  33  32
 32  33 222 255 255 126 254 255 255 254 125 255 222  33  32  32
 33 222 255 255 255  93  65 254 254  65  92 222  33  32  32  32
158 191 191 191 191 120  93 126 126  93 120  33  32  32  32  32
 32  32  32 118 240  33 221 255 255 255 192 240 119  32  32  32
 32 118 248 255 119  32  33 221 255 255 192 118 255 248 119  32
248 255 255 248  32  32  32  33 221 255 192  32 247 255 255 248
255 255 255 118  32  32  32  32  33 221 192  32 118 255 255 255
255 255 248  32  32  32  32  32  32  33 159  32  32 247 255 255
