192 192 246 201 192 191 192 203 202 192 191 192 192 229 192 192
192 246 255 255 201 191 192 245 244 192 191 192 192 238 246 192
229 238 238 238 237 194 203 255 255 202 191 192 192 238 255 245
192 192 192 192 192 191 245 255 255 244 191 192 192 238 255 201
192 192 192 192 192 202 255 255 255 255 202 192 192 238 201 192
191 191 191 191 202 215 208 208 208 208 215 202 191 194 191 191
192 192 203 244 255 208 197 209 209 197 208 255 245 203 192 192
203 245 255 255 255 208 209 255 255 209 208 255 255 255 245 203
202 244 255 255 255 208 209 255 255 209 208 255 255 255 244 202
192 192 202 244 255 208 197 209 209 197 208 255 244 202 192 192
191 191 194 191 202 215 208 208 208 208 215 202 191 191 191 191
192 201 237 192 192 202 255 255 255 255 202 192 192 192 192 192
201 255 238 192 192 191 244 255 255 244 191 192 192 192 192 192
245 255 238 192 192 191 203 255 255 202 194 238 238 238 238 228
192 246 238 192 192 191 192 244 244 192 191 201 255 255 246 192
192 192 228 192 192 191 192 203 202 192 191 192 201 245 192 192
  0   1 217  38   0   0   0  43  42   0   0   0   0 148   1   0
  1 218 255 254  38   0   0 213 212   0   0   0   0 186 217   1
148 185 185 185 184  10  43 255 255  42   0   0   0 186 255 216
  0   0   0   0   0   0 213 255 255 212   0   0   0 186 254  37
  0   0   0   0   0  43 255 255 255 255  43   0   0 185  37   0
  0   0   0   0  43  92  69  69  69  69  92  43   0  10   0   0
  0   0  43 212 255  69  19  70  70  19  70 255 213  43   0   0
 43 213 255 255 255  69  70 255 255  69  70 255 255 255 213  43
 42 212 255 255 255  69  70 255 255  69  70 255 255 255 212  42
  0   0  42 212 255  69  19  69  69  19  70 255 212  42   0   0
  0   0  10   0  42  92  70  70  70  70  93  42   0   0   0   0
  0  39 184   0   0  43 255 255 255 255  42   0   0   0   0   0
 38 254 185   0   0   0 212 255 255 212   0   0   0   0   0   0
216 255 185   0   0   0  43 255 255  42  10 185 186 186 186 148
  1 217 185   0   0   0   0 212 212   0   0  38 254 255 217   1
  0   1 147   0   0   0   0  43  42   0   0   0  38 215   1   0
224 224 250 229 224 223 224 229 229 224 223 224 224 242 224 224
224 250 255 255 229 223 224 250 250 224 223 224 224 247 250 224
242 246 246 246 246 224 229 255 255 229 223 224 224 247 255 250
224 224 224 224 224 223 250 255 255 250 223 224 224 247 255 229
224 224 224 224 224 228 255 255 255 255 228 224 224 246 229 224
223 223 223 223 228 235 231 231 231 231 235 228 223 224 223 223
224 224 229 250 255 231 226 232 232 226 231 255 250 229 224 224
229 250 255 255 255 231 232 255 255 232 231 255 255 255 250 229
229 250 255 255 255 231 232 255 255 232 231 255 255 255 250 229
224 224 229 250 255 231 226 232 232 226 231 255 250 229 224 224
223 223 224 223 228 235 231 231 231 231 235 228 223 223 223 223
224 229 246 224 224 228 255 255 255 255 228 224 224 224 224 224
229 255 246 224 224 223 250 255 255 250 223 224 224 224 224 224
250 255 246 224 224 223 229 255 255 229 224 246 247 247 247 242
224 250 246 224 224 223 224 250 250 224 223 229 255 255 250 224
224 224 242 224 224 223 224 229 229 224 223 224 229 250 224 224

192 192 245 201 192 191 192 203 202 192 191 192 192 228 192 192
192 246 255 255 201 191 192 245 244 192 191 192 192 238 246 192
229 238 238 238 238 194 203 255 255 202 191 192 192 238 255 245
192 192 192 192 192 191 245 255 255 244 191 192 192 238 255 201
192 192 192 192 192 202 255 255 255 255 202 192 192 238 201 192
191 191 191 191 202 215 208 208 208 208 215 202 191 194 191 191
192 192 202 244 255 208 197 209 209 197 208 255 244 202 192 192
202 244 255 255 255 208 209 255 255 209 208 255 255 255 244 202
203 245 255 255 255 208 209 255 255 209 208 255 255 255 244 203
192 192 203 245 255 208 197 209 209 197 208 255 244 203 192 192
191 191 194 191 202 215 208 208 208 208 215 202 191 191 191 191
192 201 237 192 192 202 255 255 255 255 202 192 192 192 192 192
201 255 238 192 192 191 244 255 255 244 191 192 192 192 192 192
246 255 238 192 192 191 203 255 255 202 194 237 238 238 238 228
192 246 238 192 192 191 192 245 244 192 191 201 255 255 246 192
192 192 229 192 192 191 192 203 202 192 191 192 201 245 192 192
  0   1 216  37   0   0   0  43  42   0   0   0   0 148   1   0
  1 217 255 254  37   0   0 213 212   0   0   0   0 186 217   1
148 186 186 186 185  10  43 255 255  42   0   0   0 186 255 215
  0   0   0   0   0   0 213 255 255 212   0   0   0 186 254  38
  0   0   0   0   0  43 255 255 255 255  42   0   0 185  38   0
  0   0   0   0  43  92  70  70  70  70  93  42   0  10   0   0
  0   0  42 212 255  69  19  69  69  19  70 255 212  42   0   0
 42 212 255 255 255  69  70 255 255  69  70 255 255 255 212  42
 43 213 255 255 255  69  70 255 255  69  70 255 255 255 212  43
  0   0  43 213 255  69  19  70  70  19  70 255 212  43   0   0
  0   0  10   0  43  92  69  69  69  69  92  43   0   0   0   0
  0  38 184   0   0  43 255 255 255 255  42   0   0   0   0   0
 38 254 185   0   0   0 212 255 255 212   0   0   0   0   0   0
217 255 185   0   0   0  43 255 255  42  10 184 185 185 185 147
  1 218 185   0   0   0   0 213 212   0   0  39 254 255 217   1
  0   1 148   0   0   0   0  43  42   0   0   0  38 216   1   0
224 224 250 229 224 223 224 229 229 224 223 224 224 242 224 224
224 250 255 255 229 223 224 250 250 224 223 224 224 247 250 224
242 247 247 247 246 224 229 255 255 229 223 224 224 247 255 250
224 224 224 224 224 223 250 255 255 250 223 224 224 247 255 229
224 224 224 224 224 228 255 255 255 255 228 224 224 246 229 224
223 223 223 223 228 235 231 231 231 231 235 228 223 224 223 223
224 224 229 250 255 231 226 232 232 226 231 255 250 229 224 224
229 250 255 255 255 231 232 255 255 232 231 255 255 255 250 229
229 250 255 255 255 231 232 255 255 232 231 255 255 255 250 229
224 224 229 250 255 231 226 232 232 226 231 255 250 229 224 224
223 223 224 223 228 235 231 231 231 231 235 228 223 223 223 223
224 229 246 224 224 228 255 255 255 255 228 224 224 224 224 224
229 255 246 224 224 223 250 255 255 250 223 224 224 224 224 224
250 255 246 224 224 223 229 255 255 229 224 246 246 246 246 242
224 250 246 224 224 223 224 250 250 224 223 229 255 255 250 224
224 224 242 224 224 223 224 229 229 224 223 224 229 250 224 224

192 192 245 201 192 191 192 202 203 192 191 192 192 228 192 192
192 246 255 255 201 191 192 244 244 192 191 192 192 238 246 192
228 238 238 238 238 194 202 255 255 203 191 192 192 238 255 245
192 192 192 192 192 191 244 255 255 244 191 192 192 238 255 201
192 192 192 192 192 202 255 255 255 255 202 192 192 237 201 192
191 191 191 191 202 215 208 208 208 208 215 202 191 194 191 191
192 192 202 244 255 208 197 209 209 197 208 255 244 202 192 192
202 244 255 255 255 208 209 255 255 209 208 255 255 255 244 202
203 245 255 255 255 208 209 255 255 209 208 255 255 255 245 203
192 192 203 245 255 208 197 209 209 197 208 255 244 203 192 192
191 191 194 191 202 215 208 208 208 208 215 202 191 191 191 191
192 201 238 192 192 202 255 255 255 255 202 192 192 192 192 192
201 255 238 192 192 191 244 255 255 245 191 192 192 192 192 192
245 255 238 192 192 191 202 255 255 203 194 237 238 238 238 229
192 246 238 192 192 191 192 244 245 192 191 201 255 255 246 192
192 192 229 192 192 191 192 202 203 192 191 192 201 246 192 192
  0   1 215  38   0   0   0  42  43   0   0   0   0 147   1   0
  1 217 255 254  38   0   0 212 212   0   0   0   0 185 217   1
148 186 186 186 185  10  42 255 255  43   0   0   0 185 255 216
  0   0   0   0   0   0 212 255 255 212   0   0   0 185 254  38
  0   0   0   0   0  42 255 255 255 255  43   0   0 184  39   0
  0   0   0   0  42  93  70  70  70  70  92  42   0  10   0   0
  0   0  42 212 255  70  19  69  69  19  69 255 212  42   0   0
 42 212 255 255 255  70  69 255 255  70  69 255 255 255 212  42
 43 213 255 255 255  70  69 255 255  70  69 255 255 255 213  43
  0   0  43 213 255  70  19  70  70  19  69 255 212  43   0   0
  0   0  10   0  43  92  69  69  69  69  92  43   0   0   0   0
  0  37 185   0   0  43 255 255 255 255  43   0   0   0   0   0
 37 254 186   0   0   0 212 255 255 213   0   0   0   0   0   0
216 255 186   0   0   0  42 255 255  43  10 184 185 185 185 148
  1 217 186   0   0   0   0 212 213   0   0  38 254 255 218   1
  0   1 148   0   0   0   0  42  43   0   0   0  38 217   1   0
224 224 250 229 224 223 224 229 229 224 223 224 224 242 224 224
224 250 255 255 229 223 224 250 250 224 223 224 224 246 250 224
242 247 247 247 246 224 229 255 255 229 223 224 224 246 255 250
224 224 224 224 224 223 250 255 255 250 223 224 224 246 255 229
224 224 224 224 224 228 255 255 255 255 228 224 224 246 229 224
223 223 223 223 228 235 231 231 231 231 235 228 223 224 223 223
224 224 229 250 255 231 226 232 232 226 231 255 250 229 224 224
229 250 255 255 255 231 232 255 255 232 231 255 255 255 250 229
229 250 255 255 255 231 232 255 255 232 231 255 255 255 250 229
224 224 229 250 255 231 226 232 232 226 231 255 250 229 224 224
223 223 224 223 228 235 231 231 231 231 235 228 223 223 223 223
224 229 246 224 224 228 255 255 255 255 228 224 224 224 224 224
229 255 247 224 224 223 250 255 255 250 223 224 224 224 224 224
250 255 247 224 224 223 229 255 255 229 224 246 246 246 246 242
224 250 247 224 224 223 224 250 250 224 223 229 255 255 250 224
224 224 242 224 224 223 224 229 229 224 223 224 229 250 224 224

192 192 245 201 192 191 192 202 203 192 191 192 192 229 192 192
192 246 255 255 201 191 192 244 245 192 191 192 192 238 246 192
228 238 238 238 237 194 202 255 255 203 191 192 192 238 255 246
192 192 192 192 192 191 244 255 255 244 191 192 192 238 255 201
192 192 192 192 192 202 255 255 255 255 202 192 192 237 201 192
191 191 191 191 202 215 208 208 208 208 215 202 191 194 191 191
192 192 203 244 255 208 197 209 209 197 208 255 245 203 192 192
203 244 255 255 255 208 209 255 255 209 208 255 255 255 245 203
202 244 255 255 255 208 209 255 255 209 208 255 255 255 244 202
192 192 202 244 255 208 197 209 209 197 208 255 244 202 192 192
191 191 194 191 202 215 208 208 208 208 215 202 191 191 191 191
192 201 238 192 192 202 255 255 255 255 202 192 192 192 192 192
201 255 238 192 192 191 244 255 255 245 191 192 192 192 192 192
245 255 238 192 192 191 202 255 255 203 194 238 238 238 238 229
192 246 238 192 192 191 192 244 245 192 191 201 255 255 246 192
192 192 228 192 192 191 192 202 203 192 191 192 201 245 192 192
  0   1 216  38   0   0   0  42  43   0   0   0   0 148   1   0
  1 217 255 254  39   0   0 212 213   0   0   0   0 185 218   1
147 185 185 185 184  10  42 255 255  43   0   0   0 185 255 217
  0   0   0   0   0   0 212 255 255 212   0   0   0 185 254  38
  0   0   0   0   0  42 255 255 255 255  43   0   0 184  38   0
  0   0   0   0  43  92  69  69  69  69  92  43   0  10   0   0
  0   0  43 212 255  70  19  70  70  19  69 255 213  43   0   0
 43 212 255 255 255  70  69 255 255  70  69 255 255 255 213  43
 42 212 255 255 255  70  69 255 255  70  69 255 255 255 212  42
  0   0  42 212 255  70  19  69  69  19  69 255 212  42   0   0
  0   0  10   0  42  93  70  70  70  70  92  43   0   0   0   0
  0  38 185   0   0  42 255 255 255 255  43   0   0   0   0   0
 38 254 186   0   0   0 212 255 255 213   0   0   0   0   0   0
215 255 186   0   0   0  42 255 255  43  10 185 186 186 186 148
  1 217 186   0   0   0   0 212 213   0   0  37 254 255 217   1
  0   1 148   0   0   0   0  42  43   0   0   0  37 216   1   0
224 224 250 229 224 223 224 229 229 224 223 224 224 242 224 224
224 250 255 255 229 223 224 250 250 224 223 224 224 246 250 224
242 246 246 246 246 224 229 255 255 229 223 224 224 246 255 250
224 224 224 224 224 223 250 255 255 250 223 224 224 246 255 229
224 224 224 224 224 228 255 255 255 255 228 224 224 246 229 224
223 223 223 223 228 235 231 231 231 231 235 228 223 224 223 223
224 224 229 250 255 231 226 232 232 226 231 255 250 229 224 224
229 250 255 255 255 231 232 255 255 232 231 255 255 255 250 229
229 250 255 255 255 231 232 255 255 232 231 255 255 255 250 229
224 224 229 250 255 231 226 232 232 226 231 255 250 229 224 224
223 223 224 223 228 235 231 231 231 231 235 228 223 223 223 223
224 229 246 224 224 228 255 255 255 255 228 224 224 224 224 224
229 255 247 224 224 223 250 255 255 250 223 224 224 224 224 224
250 255 247 224 224 223 229 255 255 229 224 246 247 247 247 242
224 250 247 224 224 223 224 250 250 224 223 229 255 255 250 224
224 224 242 224 224 223 224 229 229 224 223 224 229 250 224 224
