168 168 168 168 168 230 255 211 211 255 230 168 168 168 168 168
168 168 168 168 168 230 211 168 168 211 230 168 168 168 168 168
168 168 168 168 168 207 192 192 192 192 207 168 168 168 168 168
168 168 168 168 168 230 255 255 255 255 230 168 168 168 168 168
168 168 168 168 168 230 255 255 255 255 230 168 168 168 168 168
230 230 207 230 230 248 254 240 240 254 248 230 230 207 230 230
255 211 192 255 255 254 242 168 168 242 254 255 255 192 211 255
211 168 192 255 255 240 168 168 168 168 240 255 255 192 168 211
212 168 192 255 255 241 168 168 168 168 241 255 255 192 168 212
255 212 192 255 255 254 242 168 168 242 254 255 255 192 212 255
230 230 207 230 230 248 254 241 241 254 248 230 230 207 230 230
168 168 168 168 168 230 255 255 255 255 230 168 168 168 168 168
168 168 168 168 168 230 255 255 255 255 230 168 168 168 168 168
168 168 168 168 168 207 192 192 192 192 207 168 168 168 168 168
168 168 168 168 168 230 212 168 168 212 230 168 168 168 168 168
168 168 168 168 168 230 255 212 212 255 230 168 168 168 168 168
 88  88  88  88  88 209 255 171 171 255 208  88  88  88  88  88
 88  88  88  88  88 209 171  88  88 171 208  88  88  88  88  88
 88  88  88  88  88 164 134 134 134 134 164  88  88  88  88  88
 88  88  88  88  88 209 255 255 255 255 208  88  88  88  88  88
 88  88  88  88  88 209 255 255 255 255 208  88  88  88  88  88
209 209 164 209 209 242 254 228 228 254 242 209 209 164 209 209
255 171 134 255 255 254 230  89  89 230 254 255 255 133 171 255
171  88 134 255 255 228  89  88  88  89 228 255 255 133  88 171
172  88 134 255 255 229  89  88  88  89 229 255 255 133  88 172
255 172 134 255 255 254 230  89  89 231 254 255 255 133 172 255
208 208 164 208 208 242 254 229 229 254 242 208 208 164 208 208
 88  88  88  88  88 209 255 255 255 255 208  88  88  88  88  88
 88  88  88  88  88 209 255 255 255 255 208  88  88  88  88  88
 88  88  88  88  88 164 133 133 133 133 164  88  88  88  88  88
 88  88  88  88  88 209 172  88  88 172 208  88  88  88  88  88
 88  88  88  88  88 209 255 172 172 255 208  88  88  88  88  88
 24  24  24  24  24 191 255 139 139 255 190  24  24  24  24  24
 24  24  24  24  24 191 139  24  24 139 190  24  24  24  24  24
 24  24  24  24  24 130  87  87  87  87 129  24  24  24  24  24
 24  24  24  24  24 191 255 255 255 255 190  24  24  24  24  24
 24  24  24  24  24 191 255 255 255 255 190  24  24  24  24  24
191 191 130 191 191 237 254 219 219 254 237 191 191 130 191 191
255 139  87 255 255 254 220  25  25 220 254 255 255  86 139 255
139  24  87 255 255 219  25  24  24  25 219 255 255  86  24 139
140  24  87 255 255 219  25  24  24  25 220 255 255  86  24 140
255 140  87 255 255 254 221  25  25 221 254 255 255  86 140 255
190 190 130 190 190 237 254 219 220 254 237 190 190 130 190 190
 24  24  24  24  24 191 255 255 255 255 190  24  24  24  24  24
 24  24  24  24  24 191 255 255 255 255 190  24  24  24  24  24
 24  24  24  24  24 130  86  86  86  86 130  24  24  24  24  24
 24  24  24  24  24 191 140  24  24 140 190  24  24  24  24  24
 24  24  24  24  24 191 255 140 140 255 190  24  24  24  24  24

168 168 168 168 168 230 255 211 212 255 230 168 168 168 168 168
168 168 168 168 168 230 211 168 168 212 230 168 168 168 168 168
168 168 168 168 168 207 192 192 192 192 207 168 168 168 168 168
168 168 168 168 168 230 255 255 255 255 230 168 168 168 168 168
168 168 168 168 168 230 255 255 255 255 230 168 168 168 168 168
230 230 207 230 230 248 254 240 241 254 248 230 230 207 230 230
255 211 192 255 255 254 242 168 168 242 254 255 255 192 212 255
211 168 192 255 255 240 168 168 168 168 241 255 255 192 168 212
211 168 192 255 255 240 168 168 168 168 241 255 255 192 168 212
255 211 192 255 255 254 242 168 168 242 254 255 255 192 212 255
230 230 207 230 230 248 254 240 241 254 248 230 230 207 230 230
168 168 168 168 168 230 255 255 255 255 230 168 168 168 168 168
168 168 168 168 168 230 255 255 255 255 230 168 168 168 168 168
168 168 168 168 168 207 192 192 192 192 207 168 168 168 168 168
168 168 168 168 168 230 211 168 168 212 230 168 168 168 168 168
168 168 168 168 168 230 255 211 212 255 230 168 168 168 168 168
 88  88  88  88  88 209 255 171 172 255 208  88  88  88  88  88
 88  88  88  88  88 209 171  88  88 172 208  88  88  88  88  88
 88  88  88  88  88 164 133 133 133 133 164  88  88  88  88  88
 88  88  88  88  88 209 255 255 255 255 208  88  88  88  88  88
 88  88  88  88  88 209 255 255 255 255 208  88  88  88  88  88
208 208 164 208 208 242 254 228 229 254 242 208 208 164 208 208
255 171 134 255 255 254 230  89  89 231 254 255 255 133 172 255
171  88 134 255 255 228  89  88  88  89 229 255 255 133  88 172
171  88 134 255 255 228  89  88  88  89 229 255 255 133  88 172
255 171 134 255 255 254 230  89  89 230 254 255 255 133 172 255
209 209 164 209 209 242 254 228 229 254 242 209 209 164 209 209
 88  88  88  88  88 209 255 255 255 255 208  88  88  88  88  88
 88  88  88  88  88 209 255 255 255 255 208  88  88  88  88  88
 88  88  88  88  88 164 134 134 134 134 164  88  88  88  88  88
 88  88  88  88  88 209 171  88  88 172 208  88  88  88  88  88
 88  88  88  88  88 209 255 171 172 255 208  88  88  88  88  88
 24  24  24  24  24 191 255 139 140 255 190  24  24  24  24  24
 24  24  24  24  24 191 139  24  24 140 190  24  24  24  24  24
 24  24  24  24  24 130  86  86  86  86 130  24  24  24  24  24
 24  24  24  24  24 191 255 255 255 255 190  24  24  24  24  24
 24  24  24  24  24 191 255 255 255 255 190  24  24  24  24  24
190 190 129 190 190 237 254 219 220 254 237 190 190 130 190 190
255 139  87 255 255 254 220  25  25 221 254 255 255  86 140 255
139  24  87 255 255 219  25  24  24  25 220 255 255  86  24 140
139  24  87 255 255 219  25  24  24  25 219 255 255  86  24 140
255 139  87 255 255 254 220  25  25 221 254 255 255  86 140 255
191 191 130 191 191 237 254 219 219 254 237 191 191 130 191 191
 24  24  24  24  24 191 255 255 255 255 190  24  24  24  24  24
 24  24  24  24  24 191 255 255 255 255 190  24  24  24  24  24
 24  24  24  24  24 130  87  87  87  87 130  24  24  24  24  24
 24  24  24  24  24 191 139  24  24 140 190  24  24  24  24  24
 24  24  24  24  24 191 255 139 140 255 190  24  24  24  24  24

168 168 168 168 168 230 255 212 212 255 230 168 168 168 168 168
168 168 168 168 168 230 212 168 168 212 230 168 168 168 168 168
168 168 168 168 168 207 192 192 192 192 207 168 168 168 168 168
168 168 168 168 168 230 255 255 255 255 230 168 168 168 168 168
168 168 168 168 168 230 255 255 255 255 230 168 168 168 168 168
230 230 207 230 230 248 254 241 241 254 248 230 230 207 230 230
255 212 192 255 255 254 242 168 168 242 254 255 255 192 212 255
212 168 192 255 255 241 168 168 168 168 241 255 255 192 168 212
211 168 192 255 255 240 168 168 168 168 240 255 255 192 168 211
255 211 192 255 255 254 242 168 168 242 254 255 255 192 211 255
230 230 207 230 230 248 254 240 240 254 248 230 230 207 230 230
168 168 168 168 168 230 255 255 255 255 230 168 168 168 168 168
168 168 168 168 168 230 255 255 255 255 230 168 168 168 168 168
168 168 168 168 168 207 192 192 192 192 207 168 168 168 168 168
168 168 168 168 168 230 211 168 168 211 230 168 168 168 168 168
168 168 168 168 168 230 255 211 211 255 230 168 168 168 168 168
 88  88  88  88  88 208 255 172 172 255 209  88  88  88  88  88
 88  88  88  88  88 208 172  88  88 172 209  88  88  88  88  88
 88  88  88  88  88 164 133 133 133 133 164  88  88  88  88  88
 88  88  88  88  88 208 255 255 255 255 209  88  88  88  88  88
 88  88  88  88  88 208 255 255 255 255 209  88  88  88  88  88
208 208 164 208 208 242 254 229 229 254 242 208 208 164 208 208
255 172 133 255 255 254 231  89  89 230 254 255 255 134 172 255
172  88 133 255 255 229  89  88  88  89 229 255 255 134  88 172
171  88 133 255 255 228  89  88  88  89 228 255 255 134  88 171
255 171 133 255 255 254 230  89  89 230 254 255 255 134 171 255
209 209 164 209 209 242 254 228 228 254 242 209 209 164 209 209
 88  88  88  88  88 208 255 255 255 255 209  88  88  88  88  88
 88  88  88  88  88 208 255 255 255 255 209  88  88  88  88  88
 88  88  88  88  88 164 134 134 134 134 164  88  88  88  88  88
 88  88  88  88  88 208 171  88  88 171 209  88  88  88  88  88
 88  88  88  88  88 208 255 171 171 255 209  88  88  88  88  88
 24  24  24  24  24 190 255 140 140 255 191  24  24  24  24  24
 24  24  24  24  24 190 140  24  24 140 191  24  24  24  24  24
 24  24  24  24  24 130  86  86  86  86 130  24  24  24  24  24
 24  24  24  24  24 190 255 255 255 255 191  24  24  24  24  24
 24  24  24  24  24 190 255 255 255 255 191  24  24  24  24  24
190 190 130 190 190 237 254 220 219 254 237 190 190 130 190 190
255 140  86 255 255 254 221  25  25 221 254 255 255  87 140 255
140  24  86 255 255 220  25  24  24  25 219 255 255  87  24 140
139  24  86 255 255 219  25  24  24  25 219 255 255  87  24 139
255 139  86 255 255 254 220  25  25 220 254 255 255  87 139 255
191 191 130 191 191 237 254 219 219 254 237 191 191 130 191 191
 24  24  24  24  24 190 255 255 255 255 191  24  24  24  24  24
 24  24  24  24  24 190 255 255 255 255 191  24  24  24  24  24
 24  24  24  24  24 129  87  87  87  87 130  24  24  24  24  24
 24  24  24  24  24 190 139  24  24 139 191  24  24  24  24  24
 24  24  24  24  24 190 255 139 139 255 191  24  24  24  24  24

168 168 168 168 168 230 255 212 211 255 230 168 168 168 168 168
168 168 168 168 168 230 212 168 168 211 230 168 168 168 168 168
168 168 168 168 168 207 192 192 192 192 207 168 168 168 168 168
168 168 168 168 168 230 255 255 255 255 230 168 168 168 168 168
168 168 168 168 168 230 255 255 255 255 230 168 168 168 168 168
230 230 207 230 230 248 254 241 240 254 248 230 230 207 230 230
255 212 192 255 255 254 242 168 168 242 254 255 255 192 211 255
212 168 192 255 255 241 168 168 168 168 240 255 255 192 168 211
212 168 192 255 255 241 168 168 168 168 240 255 255 192 168 211
255 212 192 255 255 254 242 168 168 242 254 255 255 192 211 255
230 230 207 230 230 248 254 241 240 254 248 230 230 207 230 230
168 168 168 168 168 230 255 255 255 255 230 168 168 168 168 168
168 168 168 168 168 230 255 255 255 255 230 168 168 168 168 168
168 168 168 168 168 207 192 192 192 192 207 168 168 168 168 168
168 168 168 168 168 230 212 168 168 211 230 168 168 168 168 168
168 168 168 168 168 230 255 212 211 255 230 168 168 168 168 168
 88  88  88  88  88 208 255 172 171 255 209  88  88  88  88  88
 88  88  88  88  88 208 172  88  88 171 209  88  88  88  88  88
 88  88  88  88  88 164 134 134 134 134 164  88  88  88  88  88
 88  88  88  88  88 208 255 255 255 255 209  88  88  88  88  88
 88  88  88  88  88 208 255 255 255 255 209  88  88  88  88  88
209 209 164 209 209 242 254 229 228 254 242 209 209 164 209 209
255 172 133 255 255 254 230  89  89 230 254 255 255 134 171 255
172  88 133 255 255 229  89  88  88  89 228 255 255 134  88 171
172  88 133 255 255 229  89  88  88  89 228 255 255 134  88 171
255 172 133 255 255 254 231  89  89 230 254 255 255 134 171 255
208 208 164 208 208 242 254 229 228 254 242 208 208 164 208 208
 88  88  88  88  88 208 255 255 255 255 209  88  88  88  88  88
 88  88  88  88  88 208 255 255 255 255 209  88  88  88  88  88
 88  88  88  88  88 164 133 133 133 133 164  88  88  88  88  88
 88  88  88  88  88 208 172  88  88 171 209  88  88  88  88  88
 88  88  88  88  88 208 255 172 171 255 209  88  88  88  88  88
 24  24  24  24  24 190 255 140 139 255 191  24  24  24  24  24
 24  24  24  24  24 190 140  24  24 139 191  24  24  24  24  24
 24  24  24  24  24 130  87  87  87  87 130  24  24  24  24  24
 24  24  24  24  24 190 255 255 255 255 191  24  24  24  24  24
 24  24  24  24  24 190 255 255 255 255 191  24  24  24  24  24
191 191 130 191 191 237 254 219 219 254 237 191 191 130 191 191
255 140  86 255 255 254 221  25  25 220 254 255 255  87 139 255
140  24  86 255 255 219  25  24  24  25 219 255 255  87  24 139
140  24  86 255 255 220  25  24  24  25 219 255 255  87  24 139
255 140  86 255 255 254 221  25  25 220 254 255 255  87 139 255
190 190 130 190 190 237 254 220 219 254 237 190 190 129 190 190
 24  24  24  24  24 190 255 255 255 255 191  24  24  24  24  24
 24  24  24  24  24 190 255 255 255 255 191  24  24  24  24  24
 24  24  24  24  24 130  86  86  86  86 130  24  24  24  24  24
 24  24  24  24  24 190 140  24  24 139 191  24  24  24  24  24
 24  24  24  24  24 190 255 140 139 255 191  24  24  24  24  24
