255 254 120 231 255 248 158  96  96  96 139 255 231 120 254 255
254 119  96  97 231 253 255 188 158  96 139 231  97  96 119 254
120  96  96  96  97 201 101  96 255 250 168  97  96  96  96 120
232  97  96  96 176 253 229 123 228 122 139 176  96  96  97 232
255 232  97 176 255 253 228 123  96  96 139 255 176  97 232 255
139 139 168 139 139 120  96  96  96  96 121 253 253 201 253 248
 96  96 250 122  96  96  96  96  96  96  96 229 228 101 255 157
 96 158 255 228  96  96  96  96  96  96  96 123 122  96 188  96
 96 188  96 123 123  96  96  96  96  96  96  96 228 255 157  96
158 255 101 229 228  96  96  96  96  96  96  96 123 250  96  96
248 253 200 253 253 120  96  96  96  96 121 139 139 168 139 139
255 231  97 175 255 139  96  96 123 229 253 255 175  97 231 255
231  97  96  96 175 139 123 228 122 228 253 175  96  96  97 231
120  96  96  96  97 168 250 255  96 101 200  97  96  96  96 121
254 120  96  97 232 139  96 157 189 255 253 232  97  96 120 254
255 254 121 232 255 139  96  96  96 157 248 255 232 121 254 255
255 254 154 237 255 249 182 136 136 136 168 255 237 154 254 255
254 153 136 137 237 253 255 205 182 136 168 237 137 136 154 254
154 136 136 136 137 214 140 136 255 251 191 137 136 136 136 154
237 137 136 136 196 253 235 156 235 156 168 196 136 136 137 238
255 237 137 196 255 253 235 156 136 136 168 255 196 137 238 255
167 167 190 167 167 154 136 136 136 136 155 253 253 214 253 249
136 136 251 156 136 136 136 136 136 136 136 235 235 140 255 182
136 182 255 235 136 136 136 136 136 136 136 156 156 136 205 136
136 205 136 156 156 136 136 136 136 136 136 136 235 255 182 136
182 255 140 235 235 136 136 136 136 136 136 136 156 251 136 136
249 253 214 253 253 154 136 136 136 136 155 168 168 190 168 168
255 237 137 195 255 167 136 136 156 235 253 255 195 137 237 255
237 137 136 136 195 167 156 235 156 235 253 195 136 136 137 237
154 136 136 136 137 190 251 255 136 140 214 137 136 136 136 154
255 154 136 137 238 167 136 182 205 255 253 237 137 136 154 255
255 255 154 238 255 167 136 136 136 182 249 255 237 155 255 255
255 255 229 250 255 253 236 224 224 224 231 255 250 229 255 255
255 229 224 224 250 255 255 242 236 224 231 250 224 224 229 255
229 224 224 224 224 243 225 224 255 254 237 224 224 224 224 229
250 224 224 224 240 255 250 229 250 229 231 240 224 224 224 250
255 250 224 240 255 255 250 229 224 224 231 255 240 224 250 255
231 231 237 231 231 228 223 223 223 223 228 255 255 243 255 252
224 224 254 229 224 223 224 224 224 224 223 250 250 225 255 236
224 236 255 250 224 223 224 224 224 224 223 229 229 224 242 224
224 242 224 229 229 223 224 224 224 224 223 224 250 255 236 224
236 255 225 250 250 223 224 224 224 224 223 224 229 254 224 224
253 255 243 255 255 228 223 223 223 223 229 231 231 237 231 231
255 250 224 239 255 231 224 224 229 250 255 255 239 224 250 255
250 224 224 224 239 231 229 250 229 250 255 239 224 224 224 250
229 224 224 224 224 237 254 255 224 225 243 224 224 224 224 229
255 229 224 224 250 231 224 236 242 255 255 250 224 224 229 255
255 255 229 250 255 231 224 224 224 236 253 255 250 229 255 255

255 254 120 232 255 248 157  96  96  96 139 255 231 121 254 255
254 119  96  97 232 253 255 188 157  96 139 231  97  96 120 254
120  96  96  96  97 201 101  96 255 250 168  97  96  96  96 121
231  97  96  96 176 253 228 122 228 123 139 175  96  96  97 232
255 231  97 176 255 253 229 123  96  96 139 255 175  97 232 255
139 139 168 139 139 121  96  96  96  96 121 253 253 200 253 248
 96  96 250 122  96  96  96  96  96  96  96 229 228 101 255 157
 96 158 255 228  96  96  96  96  96  96  96 123 122  96 189  96
 96 188  96 123 123  96  96  96  96  96  96  96 228 255 157  96
158 255 101 229 228  96  96  96  96  96  96  96 123 250  96  96
248 253 201 253 253 120  96  96  96  96 120 139 139 168 139 139
255 231  97 176 255 139  96  96 123 228 253 255 175  97 232 255
231  97  96  96 176 139 122 228 123 229 253 175  96  96  97 232
120  96  96  96  97 168 250 255  96 101 200  97  96  96  96 121
254 119  96  97 232 139  96 158 188 255 253 231  97  96 120 254
255 254 120 232 255 139  96  96  96 158 248 255 231 120 254 255
255 254 154 238 255 249 182 136 136 136 168 255 237 154 255 255
254 154 136 137 238 253 255 205 182 136 168 237 137 136 154 255
154 136 136 136 137 214 140 136 255 251 190 137 136 136 136 155
237 137 136 136 196 253 235 156 235 156 168 195 136 136 137 237
255 237 137 196 255 253 235 156 136 136 168 255 195 137 237 255
168 168 191 168 168 155 136 136 136 136 155 253 253 214 253 249
136 136 251 156 136 136 136 136 136 136 136 235 235 140 255 182
136 182 255 235 136 136 136 136 136 136 136 156 156 136 205 136
136 205 136 156 156 136 136 136 136 136 136 136 235 255 182 136
182 255 140 235 235 136 136 136 136 136 136 136 156 251 136 136
249 253 214 253 253 154 136 136 136 136 154 167 167 190 167 167
255 237 137 196 255 167 136 136 156 235 253 255 195 137 238 255
237 137 136 136 196 167 156 235 156 235 253 195 136 136 137 238
154 136 136 136 137 190 251 255 136 140 214 137 136 136 136 154
254 153 136 137 237 167 136 182 205 255 253 237 137 136 154 255
255 254 154 237 255 167 136 136 136 182 249 255 237 154 255 255
255 255 229 250 255 252 236 224 224 224 231 255 250 229 255 255
255 229 224 224 250 255 255 242 236 224 231 250 224 224 229 255
229 224 224 224 224 243 225 224 255 254 237 224 224 224 224 229
250 224 224 224 240 255 250 229 250 229 231 239 224 224 224 250
255 250 224 240 255 255 250 229 224 224 231 255 239 224 250 255
231 231 237 231 231 228 223 223 223 223 229 255 255 243 255 253
224 224 254 229 224 223 224 224 224 224 223 250 250 225 255 236
224 236 255 250 224 223 224 224 224 224 223 229 229 224 242 224
224 242 224 229 229 223 224 224 224 224 223 224 250 255 236 224
236 255 225 250 250 223 224 224 224 224 223 224 229 254 224 224
253 255 243 255 255 228 223 223 223 223 228 231 231 237 231 231
255 250 224 240 255 231 224 224 229 250 255 255 239 224 250 255
250 224 224 224 240 231 229 250 229 250 255 239 224 224 224 250
229 224 224 224 224 237 254 255 224 225 243 224 224 224 224 229
255 229 224 224 250 231 224 236 242 255 255 250 224 224 229 255
255 255 229 250 255 231 224 224 224 236 253 255 250 229 255 255

255 254 121 232 255 248 157  96  96  96 139 255 232 121 254 255
254 120  96  97 232 253 255 189 157  96 139 232  97  96 120 254
121  96  96  96  97 200 101  96 255 250 168  97  96  96  96 120
231  97  96  96 175 253 228 122 228 123 139 175  96  96  97 231
255 231  97 175 255 253 229 123  96  96 139 255 175  97 231 255
139 139 168 139 139 121  96  96  96  96 120 253 253 200 253 248
 96  96 250 123  96  96  96  96  96  96  96 228 229 101 255 158
 96 157 255 228  96  96  96  96  96  96  96 123 123  96 188  96
 96 188  96 122 123  96  96  96  96  96  96  96 228 255 158  96
157 255 101 228 229  96  96  96  96  96  96  96 122 250  96  96
248 253 201 253 253 121  96  96  96  96 120 139 139 168 139 139
255 232  97 176 255 139  96  96 123 228 253 255 176  97 232 255
232  97  96  96 176 139 122 228 123 229 253 176  96  96  97 232
120  96  96  96  97 168 250 255  96 101 201  97  96  96  96 120
254 119  96  97 231 139  96 158 188 255 253 231  97  96 119 254
255 254 120 231 255 139  96  96  96 158 248 255 231 120 254 255
255 255 155 237 255 249 182 136 136 136 167 255 238 154 255 255
255 154 136 137 237 253 255 205 182 136 167 238 137 136 154 255
154 136 136 136 137 214 140 136 255 251 190 137 136 136 136 154
237 137 136 136 195 253 235 156 235 156 167 195 136 136 137 237
255 237 137 195 255 253 235 156 136 136 167 255 195 137 237 255
168 168 190 168 168 155 136 136 136 136 154 253 253 214 253 249
136 136 251 156 136 136 136 136 136 136 136 235 235 140 255 182
136 182 255 235 136 136 136 136 136 136 136 156 156 136 205 136
136 205 136 156 156 136 136 136 136 136 136 136 235 255 182 136
182 255 140 235 235 136 136 136 136 136 136 136 156 251 136 136
249 253 214 253 253 155 136 136 136 136 154 167 167 190 167 167
255 238 137 196 255 168 136 136 156 235 253 255 196 137 237 255
238 137 136 136 196 168 156 235 156 235 253 196 136 136 137 237
154 136 136 136 137 191 251 255 136 140 214 137 136 136 136 154
254 154 136 137 237 168 136 182 205 255 253 237 137 136 153 254
255 254 154 237 255 168 136 136 136 182 249 255 237 154 254 255
255 255 229 250 255 253 236 224 224 224 231 255 250 229 255 255
255 229 224 224 250 255 255 242 236 224 231 250 224 224 229 255
229 224 224 224 224 243 225 224 255 254 237 224 224 224 224 229
250 224 224 224 239 255 250 229 250 229 231 239 224 224 224 250
255 250 224 239 255 255 250 229 224 224 231 255 239 224 250 255
231 231 237 231 231 229 223 223 223 223 228 255 255 243 255 253
224 224 254 229 224 223 224 224 224 224 223 250 250 225 255 236
224 236 255 250 224 223 224 224 224 224 223 229 229 224 242 224
224 242 224 229 229 223 224 224 224 224 223 224 250 255 236 224
236 255 225 250 250 223 224 224 224 224 223 224 229 254 224 224
252 255 243 255 255 228 223 223 223 223 228 231 231 237 231 231
255 250 224 240 255 231 224 224 229 250 255 255 240 224 250 255
250 224 224 224 240 231 229 250 229 250 255 240 224 224 224 250
229 224 224 224 224 237 254 255 224 225 243 224 224 224 224 229
255 229 224 224 250 231 224 236 242 255 255 250 224 224 229 255
255 255 229 250 255 231 224 224 224 236 253 255 250 229 255 255

255 254 120 231 255 248 158  96  96  96 139 255 232 120 254 255
254 120  96  97 231 253 255 188 158  96 139 232  97  96 119 254
121  96  96  96  97 200 101  96 255 250 168  97  96  96  96 120
232  97  96  96 175 253 229 123 228 122 139 176  96  96  97 231
255 232  97 175 255 253 228 123  96  96 139 255 176  97 231 255
139 139 168 139 139 120  96  96  96  96 120 253 253 201 253 248
 96  96 250 123  96  96  96  96  96  96  96 228 229 101 255 158
 96 157 255 228  96  96  96  96  96  96  96 123 123  96 188  96
 96 189  96 122 123  96  96  96  96  96  96  96 228 255 158  96
157 255 101 228 229  96  96  96  96  96  96  96 122 250  96  96
248 253 200 253 253 121  96  96  96  96 121 139 139 168 139 139
255 232  97 175 255 139  96  96 123 229 253 255 176  97 231 255
232  97  96  96 175 139 123 228 122 228 253 176  96  96  97 231
121  96  96  96  97 168 250 255  96 101 201  97  96  96  96 120
254 120  96  97 231 139  96 157 188 255 253 232  97  96 119 254
255 254 121 231 255 139  96  96  96 157 248 255 232 120 254 255
255 255 154 237 255 249 182 136 136 136 167 255 237 154 254 255
255 154 136 137 237 253 255 205 182 136 167 237 137 136 153 254
154 136 136 136 137 214 140 136 255 251 190 137 136 136 136 154
238 137 136 136 195 253 235 156 235 156 167 196 136 136 137 237
255 238 137 195 255 253 235 156 136 136 167 255 196 137 237 255
167 167 190 167 167 154 136 136 136 136 154 253 253 214 253 249
136 136 251 156 136 136 136 136 136 136 136 235 235 140 255 182
136 182 255 235 136 136 136 136 136 136 136 156 156 136 205 136
136 205 136 156 156 136 136 136 136 136 136 136 235 255 182 136
182 255 140 235 235 136 136 136 136 136 136 136 156 251 136 136
249 253 214 253 253 155 136 136 136 136 155 168 168 191 168 168
255 237 137 195 255 168 136 136 156 235 253 255 196 137 237 255
237 137 136 136 195 168 156 235 156 235 253 196 136 136 137 237
155 136 136 136 137 190 251 255 136 140 214 137 136 136 136 154
255 154 136 137 237 168 136 182 205 255 253 238 137 136 154 254
255 255 154 237 255 168 136 136 136 182 249 255 238 154 254 255
255 255 229 250 255 253 236 224 224 224 231 255 250 229 255 255
255 229 224 224 250 255 255 242 236 224 231 250 224 224 229 255
229 224 224 224 224 243 225 224 255 254 237 224 224 224 224 229
250 224 224 224 239 255 250 229 250 229 231 240 224 224 224 250
255 250 224 239 255 255 250 229 224 224 231 255 240 224 250 255
231 231 237 231 231 228 223 223 223 223 228 255 255 243 255 253
224 224 254 229 224 223 224 224 224 224 223 250 250 225 255 236
224 236 255 250 224 223 224 224 224 224 223 229 229 224 242 224
224 242 224 229 229 223 224 224 224 224 223 224 250 255 236 224
236 255 225 250 250 223 224 224 224 224 223 224 229 254 224 224
253 255 243 255 255 229 223 223 223 223 228 231 231 237 231 231
255 250 224 239 255 231 224 224 229 250 255 255 240 224 250 255
250 224 224 224 239 231 229 250 229 250 255 240 224 224 224 250
229 224 224 224 224 237 254 255 224 225 243 224 224 224 224 229
255 229 224 224 250 231 224 236 242 255 255 250 224 224 229 255
255 255 229 250 255 231 224 224 224 236 252 255 250 229 255 255
