255 254 134 234 255 151 112 112 255 255 254 255 233 134 254 255
254 133 112 113 234 151 112 112 255 255 254 233 113 112 133 254
134 112 112 112 113 170 151 151 255 255 243 113 112 112 112 134
234 113 112 112 184 254 255 255 255 255 254 184 112 112 113 234
255 234 113 184 255 254 255 255 255 255 254 255 184 113 234 255
254 254 243 254 254 255 254 232 232 254 255 254 254 168 151 151
255 255 255 255 255 254 233 113 113 234 254 255 255 151 112 112
255 255 255 255 255 232 113 112 112 113 232 255 255 151 112 112
112 112 151 255 255 232 113 112 112 113 233 255 255 255 255 255
112 112 151 255 255 254 234 113 113 234 254 255 255 255 255 255
152 152 170 254 254 255 254 232 233 254 255 254 254 243 254 254
255 233 113 183 255 254 255 255 255 255 254 255 183 113 234 255
233 113 112 112 183 254 255 255 255 255 254 183 112 112 113 234
134 112 112 112 113 243 255 255 151 151 168 113 112 112 112 134
254 133 112 113 234 254 255 255 112 112 152 234 113 112 134 254
255 254 134 234 255 254 255 255 112 112 152 255 234 134 254 255
255 254  93 226 255 116  64  64 255 255 254 255 226  93 254 255
254  92  64  65 226 116  64  64 255 255 254 226  65  64  92 254
 93  64  64  64  65 140 116 116 255 255 239  65  64  64  64  93
227  65  64  64 160 254 255 255 255 255 254 160  64  64  65 227
255 227  65 160 255 254 255 255 255 255 254 255 160  65 227 255
254 254 240 254 254 255 254 225 225 254 255 254 254 140 116 116
255 255 255 255 255 254 226  65  65 226 254 255 255 116  64  64
255 255 255 255 255 225  65  64  64  65 225 255 255 116  64  64
 64  64 116 255 255 225  65  64  64  65 226 255 255 255 255 255
 64  64 116 255 255 254 227  65  65 227 254 255 255 255 255 255
117 117 140 254 254 255 254 225 226 254 255 254 254 239 254 254
255 226  65 159 255 254 255 255 255 255 254 255 159  65 226 255
226  65  64  64 159 254 255 255 255 255 254 159  64  64  65 226
 93  64  64  64  65 239 255 255 116 116 140  65  64  64  64  94
254  93  64  65 227 254 255 255  64  64 117 227  65  64  93 254
255 254  94 227 255 254 255 255  64  64 117 255 227  94 254 255
255 255 242 253 255 243 240 240 255 255 254 255 253 242 255 255
255 242 240 240 253 243 240 240 255 255 254 253 240 240 242 255
242 240 240 240 240 246 244 244 255 255 252 240 240 240 240 242
253 240 240 240 248 254 255 255 255 255 254 248 240 240 240 253
255 253 240 248 255 254 255 255 255 255 254 255 248 240 253 255
254 254 252 254 254 255 254 251 251 254 255 254 254 245 243 243
255 255 255 255 255 254 253 240 240 253 254 255 255 244 240 240
255 255 255 255 255 251 240 240 240 240 251 255 255 244 240 240
240 240 244 255 255 251 240 240 240 240 251 255 255 255 255 255
240 240 244 255 255 254 253 240 240 253 254 255 255 255 255 255
243 243 246 254 254 255 254 251 251 254 255 254 254 252 254 254
255 253 240 247 255 254 255 255 255 255 254 255 247 240 253 255
253 240 240 240 247 254 255 255 255 255 254 247 240 240 240 253
242 240 240 240 240 252 255 255 244 244 245 240 240 240 240 242
255 242 240 240 253 254 255 255 240 240 243 253 240 240 242 255
255 255 242 253 255 254 255 255 240 240 243 255 253 242 255 255

255 254 134 234 255 151 112 112 255 255 254 255 234 134 254 255
254 133 112 113 234 151 112 112 255 255 254 234 113 112 134 254
134 112 112 112 113 168 151 151 255 255 243 113 112 112 112 134
233 113 112 112 184 254 255 255 255 255 254 183 112 112 113 234
255 233 113 184 255 254 255 255 255 255 254 255 183 113 234 255
254 254 243 254 254 255 254 232 233 254 255 254 254 168 152 152
255 255 255 255 255 254 234 113 113 234 254 255 255 151 112 112
255 255 255 255 255 232 113 112 112 113 233 255 255 151 112 112
112 112 151 255 255 232 113 112 112 113 232 255 255 255 255 255
112 112 151 255 255 254 233 113 113 234 254 255 255 255 255 255
151 151 170 254 254 255 254 232 232 254 255 254 254 243 254 254
255 234 113 184 255 254 255 255 255 255 254 255 183 113 234 255
234 113 112 112 184 254 255 255 255 255 254 183 112 112 113 234
134 112 112 112 113 243 255 255 151 151 170 113 112 112 112 134
254 133 112 113 234 254 255 255 112 112 152 233 113 112 133 254
255 254 134 234 255 254 255 255 112 112 152 255 233 134 254 255
255 254  93 227 255 116  64  64 255 255 254 255 226  94 254 255
254  92  64  65 227 116  64  64 255 255 254 226  65  64  93 254
 93  64  64  64  65 140 116 116 255 255 239  65  64  64  64  94
226  65  64  64 160 254 255 255 255 255 254 159  64  64  65 227
255 226  65 160 255 254 255 255 255 255 254 255 159  65 227 255
254 254 239 254 254 255 254 225 226 254 255 254 254 140 117 117
255 255 255 255 255 254 226  65  65 227 254 255 255 116  64  64
255 255 255 255 255 225  65  64  64  65 226 255 255 116  64  64
 64  64 116 255 255 225  65  64  64  65 225 255 255 255 255 255
 64  64 116 255 255 254 226  65  65 227 254 255 255 255 255 255
116 116 140 254 254 255 254 225 225 254 255 254 254 239 254 254
255 226  65 160 255 254 255 255 255 255 254 255 159  65 227 255
226  65  64  64 160 254 255 255 255 255 254 159  64  64  65 227
 93  64  64  64  65 240 255 255 116 116 140  65  64  64  64  94
254  92  64  65 227 254 255 255  64  64 117 226  65  64  93 254
255 254  93 227 255 254 255 255  64  64 117 255 226  93 254 255
255 255 242 253 255 243 240 240 255 255 254 255 253 242 255 255
255 242 240 240 253 243 240 240 255 255 254 253 240 240 242 255
242 240 240 240 240 245 244 244 255 255 252 240 240 240 240 242
253 240 240 240 248 254 255 255 255 255 254 247 240 240 240 253
255 253 240 248 255 254 255 255 255 255 254 255 247 240 253 255
254 254 252 254 254 255 254 251 251 254 255 254 254 245 243 243
255 255 255 255 255 254 253 240 240 253 254 255 255 244 240 240
255 255 255 255 255 251 240 240 240 240 251 255 255 244 240 240
240 240 244 255 255 251 240 240 240 240 251 255 255 255 255 255
240 240 244 255 255 254 253 240 240 253 254 255 255 255 255 255
243 243 246 254 254 255 254 251 251 254 255 254 254 252 254 254
255 253 240 248 255 254 255 255 255 255 254 255 247 240 253 255
253 240 240 240 248 254 255 255 255 255 254 247 240 240 240 253
242 240 240 240 240 252 255 255 244 244 246 240 240 240 240 242
255 242 240 240 253 254 255 255 240 240 243 253 240 240 242 255
255 255 242 253 255 254 255 255 240 240 243 255 253 242 255 255

255 254 134 234 255 152 112 112 255 255 254 255 234 134 254 255
254 134 112 113 234 152 112 112 255 255 254 234 113 112 133 254
134 112 112 112 113 168 151 151 255 255 243 113 112 112 112 134
234 113 112 112 183 254 255 255 255 255 254 183 112 112 113 233
255 234 113 183 255 254 255 255 255 255 254 255 183 113 233 255
254 254 243 254 254 255 254 233 232 254 255 254 254 170 152 152
255 255 255 255 255 254 234 113 113 234 254 255 255 151 112 112
255 255 255 255 255 233 113 112 112 113 232 255 255 151 112 112
112 112 151 255 255 232 113 112 112 113 232 255 255 255 255 255
112 112 151 255 255 254 234 113 113 233 254 255 255 255 255 255
151 151 168 254 254 255 254 232 232 254 255 254 254 243 254 254
255 234 113 184 255 254 255 255 255 255 254 255 184 113 234 255
234 113 112 112 184 254 255 255 255 255 254 184 112 112 113 234
134 112 112 112 113 243 255 255 151 151 170 113 112 112 112 134
254 133 112 113 233 254 255 255 112 112 151 234 113 112 133 254
255 254 134 233 255 254 255 255 112 112 151 255 234 134 254 255
255 254  94 227 255 117  64  64 255 255 254 255 227  94 254 255
254  93  64  65 227 117  64  64 255 255 254 227  65  64  93 254
 94  64  64  64  65 140 116 116 255 255 239  65  64  64  64  93
226  65  64  64 159 254 255 255 255 255 254 159  64  64  65 226
255 226  65 159 255 254 255 255 255 255 254 255 159  65 226 255
254 254 239 254 254 255 254 226 225 254 255 254 254 140 117 117
255 255 255 255 255 254 227  65  65 227 254 255 255 116  64  64
255 255 255 255 255 226  65  64  64  65 225 255 255 116  64  64
 64  64 116 255 255 225  65  64  64  65 225 255 255 255 255 255
 64  64 116 255 255 254 226  65  65 226 254 255 255 255 255 255
116 116 140 254 254 255 254 225 225 254 255 254 254 240 254 254
255 227  65 160 255 254 255 255 255 255 254 255 160  65 227 255
227  65  64  64 160 254 255 255 255 255 254 160  64  64  65 227
 93  64  64  64  65 239 255 255 116 116 140  65  64  64  64  93
254  92  64  65 226 254 255 255  64  64 116 226  65  64  92 254
255 254  93 226 255 254 255 255  64  64 116 255 226  93 254 255
255 255 242 253 255 243 240 240 255 255 254 255 253 242 255 255
255 242 240 240 253 243 240 240 255 255 254 253 240 240 242 255
242 240 240 240 240 245 244 244 255 255 252 240 240 240 240 242
253 240 240 240 247 254 255 255 255 255 254 247 240 240 240 253
255 253 240 247 255 254 255 255 255 255 254 255 247 240 253 255
254 254 252 254 254 255 254 251 251 254 255 254 254 246 243 243
255 255 255 255 255 254 253 240 240 253 254 255 255 244 240 240
255 255 255 255 255 251 240 240 240 240 251 255 255 244 240 240
240 240 244 255 255 251 240 240 240 240 251 255 255 255 255 255
240 240 244 255 255 254 253 240 240 253 254 255 255 255 255 255
243 243 245 254 254 255 254 251 251 254 255 254 254 252 254 254
255 253 240 248 255 254 255 255 255 255 254 255 248 240 253 255
253 240 240 240 248 254 255 255 255 255 254 248 240 240 240 253
242 240 240 240 240 252 255 255 244 244 246 240 240 240 240 242
255 242 240 240 253 254 255 255 240 240 243 253 240 240 242 255
255 255 242 253 255 254 255 255 240 240 243 255 253 242 255 255

255 254 134 233 255 152 112 112 255 255 254 255 234 134 254 255
254 133 112 113 233 152 112 112 255 255 254 234 113 112 133 254
134 112 112 112 113 170 151 151 255 255 243 113 112 112 112 134
234 113 112 112 183 254 255 255 255 255 254 184 112 112 113 234
255 234 113 183 255 254 255 255 255 255 254 255 184 113 234 255
254 254 243 254 254 255 254 232 232 254 255 254 254 170 151 151
255 255 255 255 255 254 234 113 113 233 254 255 255 151 112 112
255 255 255 255 255 232 113 112 112 113 232 255 255 151 112 112
112 112 151 255 255 233 113 112 112 113 232 255 255 255 255 255
112 112 151 255 255 254 234 113 113 234 254 255 255 255 255 255
152 152 168 254 254 255 254 233 232 254 255 254 254 243 254 254
255 234 113 183 255 254 255 255 255 255 254 255 184 113 233 255
234 113 112 112 183 254 255 255 255 255 254 184 112 112 113 233
134 112 112 112 113 243 255 255 151 151 168 113 112 112 112 134
254 134 112 113 234 254 255 255 112 112 151 234 113 112 133 254
255 254 134 234 255 254 255 255 112 112 151 255 234 134 254 255
255 254  93 226 255 117  64  64 255 255 254 255 227  93 254 255
254  93  64  65 226 117  64  64 255 255 254 227  65  64  92 254
 94  64  64  64  65 140 116 116 255 255 240  65  64  64  64  93
227  65  64  64 159 254 255 255 255 255 254 160  64  64  65 226
255 227  65 159 255 254 255 255 255 255 254 255 160  65 226 255
254 254 239 254 254 255 254 225 225 254 255 254 254 140 116 116
255 255 255 255 255 254 227  65  65 226 254 255 255 116  64  64
255 255 255 255 255 225  65  64  64  65 225 255 255 116  64  64
 64  64 116 255 255 226  65  64  64  65 225 255 255 255 255 255
 64  64 116 255 255 254 227  65  65 226 254 255 255 255 255 255
117 117 140 254 254 255 254 226 225 254 255 254 254 239 254 254
255 227  65 159 255 254 255 255 255 255 254 255 160  65 226 255
227  65  64  64 159 254 255 255 255 255 254 160  64  64  65 226
 94  64  64  64  65 239 255 255 116 116 140  65  64  64  64  93
254  93  64  65 226 254 255 255  64  64 116 227  65  64  92 254
255 254  94 226 255 254 255 255  64  64 116 255 227  93 254 255
255 255 242 253 255 243 240 240 255 255 254 255 253 242 255 255
255 242 240 240 253 243 240 240 255 255 254 253 240 240 242 255
242 240 240 240 240 246 244 244 255 255 252 240 240 240 240 242
253 240 240 240 247 254 255 255 255 255 254 248 240 240 240 253
255 253 240 247 255 254 255 255 255 255 254 255 248 240 253 255
254 254 252 254 254 255 254 251 251 254 255 254 254 246 243 243
255 255 255 255 255 254 253 240 240 253 254 255 255 244 240 240
255 255 255 255 255 251 240 240 240 240 251 255 255 244 240 240
240 240 244 255 255 251 240 240 240 240 251 255 255 255 255 255
240 240 244 255 255 254 253 240 240 253 254 255 255 255 255 255
243 243 245 254 254 255 254 251 251 254 255 254 254 252 254 254
255 253 240 247 255 254 255 255 255 255 254 255 248 240 253 255
253 240 240 240 247 254 255 255 255 255 254 248 240 240 240 253
242 240 240 240 240 252 255 255 244 244 245 240 240 240 240 242
255 242 240 240 253 254 255 255 240 240 243 253 240 240 242 255
255 255 242 253 255 254 255 255 240 240 243 255 253 242 255 255
