255 255 196  40  40 196 255 255 255 255 253 255 255 255 255 255
255 255 196  40  40 196 255 255 255 255 253 255 255 255 255 255
255 255 212  99  99 211 255 255 255 255 253 255 255 212 196 196
255 255 255 255 255 253 255 255 255 255 253 255 255  98  40  40
255 255 255 255 255 253 255 255 255 255 253 255 255  98  40  40
253 253 253 253 253 140  98 130 130  98 140 253 253 211 196 196
255 255 255 255 255  98  72 254 254  72  99 255 255 255 255 255
255 255 255 255 255 130 254 255 255 254 131 255 255 255 255 255
255 255 255 255 255 130 254 255 255 254 130 255 255 255 255 255
255 255 255 255 255  98  72 254 254  71  99 255 255 255 255 255
195 195 211 253 253 140  99 131 130  99 141 253 253 253 253 253
 40  40  99 255 255 253 255 255 255 255 253 255 255 255 255 255
 40  40  99 255 255 253 255 255 255 255 253 255 255 255 255 255
197 197 213 255 255 253 255 255 255 255 210  98  98 213 255 255
255 255 255 255 255 253 255 255 255 255 195  40  40 197 255 255
255 255 255 255 255 253 255 255 255 255 195  40  40 197 255 255
255 255 214 104 104 213 255 255 255 255 253 255 255 255 255 255
255 255 214 104 104 213 255 255 255 255 253 255 255 255 255 255
255 255 225 145 145 224 255 255 255 255 253 255 255 225 214 214
255 255 255 255 255 253 255 255 255 255 253 255 255 145 104 104
255 255 255 255 255 253 255 255 255 255 253 255 255 145 104 104
253 253 253 253 253 174 144 167 167 144 175 253 253 224 213 213
255 255 255 255 255 144 127 254 254 127 145 255 255 255 255 255
255 255 255 255 255 167 254 255 255 254 168 255 255 255 255 255
255 255 255 255 255 167 254 255 255 254 167 255 255 255 255 255
255 255 255 255 255 144 126 254 254 126 145 255 255 255 255 255
213 213 223 253 253 175 145 167 167 145 175 253 253 253 253 253
104 104 145 255 255 253 255 255 255 255 253 255 255 255 255 255
104 104 145 255 255 253 255 255 255 255 253 255 255 255 255 255
214 214 225 255 255 253 255 255 255 255 223 145 145 225 255 255
255 255 255 255 255 253 255 255 255 255 213 104 104 214 255 255
255 255 255 255 255 253 255 255 255 255 213 104 104 214 255 255
255 255 200  56  56 200 255 255 255 255 253 255 255 255 255 255
255 255 200  56  56 200 255 255 255 255 253 255 255 255 255 255
255 255 215 111 111 214 255 255 255 255 253 255 255 215 200 200
255 255 255 255 255 253 255 255 255 255 253 255 255 110  56  56
255 255 255 255 255 253 255 255 255 255 253 255 255 110  56  56
253 253 253 253 253 148 110 140 139 110 149 253 253 214 200 200
255 255 255 255 255 110  86 254 254  86 110 255 255 255 255 255
255 255 255 255 255 140 254 255 255 254 140 255 255 255 255 255
255 255 255 255 255 139 254 255 255 254 139 255 255 255 255 255
255 255 255 255 255 110  85 254 254  85 110 255 255 255 255 255
199 199 214 253 253 149 110 140 139 110 149 253 253 253 253 253
 56  56 111 255 255 253 255 255 255 255 253 255 255 255 255 255
 56  56 111 255 255 253 255 255 255 255 253 255 255 255 255 255
201 201 216 255 255 253 255 255 255 255 214 110 110 216 255 255
255 255 255 255 255 253 255 255 255 255 199  56  56 201 255 255
255 255 255 255 255 253 255 255 255 255 199  56  56 201 255 255

255 255 196  40  40 196 255 255 255 255 253 255 255 255 255 255
255 255 196  40  40 196 255 255 255 255 253 255 255 255 255 255
255 255 212  98  98 211 255 255 255 255 253 255 255 213 197 197
255 255 255 255 255 253 255 255 255 255 253 255 255  98  40  40
255 255 255 255 255 253 255 255 255 255 253 255 255  98  40  40
253 253 253 253 253 140  99 131 130  99 141 253 253 210 195 195
255 255 255 255 255  98  72 254 254  71  99 255 255 255 255 255
255 255 255 255 255 130 254 255 255 254 130 255 255 255 255 255
255 255 255 255 255 130 254 255 255 254 131 255 255 255 255 255
255 255 255 255 255  98  72 254 254  72  99 255 255 255 255 255
196 196 211 253 253 140  98 130 130  98 140 253 253 253 253 253
 40  40  99 255 255 253 255 255 255 255 253 255 255 255 255 255
 40  40  99 255 255 253 255 255 255 255 253 255 255 255 255 255
196 196 212 255 255 253 255 255 255 255 211  99  99 213 255 255
255 255 255 255 255 253 255 255 255 255 195  40  40 197 255 255
255 255 255 255 255 253 255 255 255 255 195  40  40 197 255 255
255 255 214 104 104 213 255 255 255 255 253 255 255 255 255 255
255 255 214 104 104 213 255 255 255 255 253 255 255 255 255 255
255 255 225 145 145 224 255 255 255 255 253 255 255 225 214 214
255 255 255 255 255 253 255 255 255 255 253 255 255 145 104 104
255 255 255 255 255 253 255 255 255 255 253 255 255 145 104 104
253 253 253 253 253 175 145 168 167 145 175 253 253 223 213 213
255 255 255 255 255 144 127 254 254 126 145 255 255 255 255 255
255 255 255 255 255 167 254 255 255 254 167 255 255 255 255 255
255 255 255 255 255 167 254 255 255 254 167 255 255 255 255 255
255 255 255 255 255 144 127 254 254 126 145 255 255 255 255 255
213 213 224 253 253 174 144 167 167 144 175 253 253 253 253 253
104 104 145 255 255 253 255 255 255 255 253 255 255 255 255 255
104 104 145 255 255 253 255 255 255 255 253 255 255 255 255 255
214 214 225 255 255 253 255 255 255 255 223 145 145 225 255 255
255 255 255 255 255 253 255 255 255 255 213 104 104 214 255 255
255 255 255 255 255 253 255 255 255 255 213 104 104 214 255 255
255 255 200  56  56 200 255 255 255 255 253 255 255 255 255 255
255 255 200  56  56 200 255 255 255 255 253 255 255 255 255 255
255 255 215 110 110 214 255 255 255 255 253 255 255 216 201 201
255 255 255 255 255 253 255 255 255 255 253 255 255 110  56  56
255 255 255 255 255 253 255 255 255 255 253 255 255 110  56  56
253 253 253 253 253 149 110 140 139 110 149 253 253 214 199 199
255 255 255 255 255 110  86 254 254  85 110 255 255 255 255 255
255 255 255 255 255 139 254 255 255 254 139 255 255 255 255 255
255 255 255 255 255 140 254 255 255 254 140 255 255 255 255 255
255 255 255 255 255 110  86 254 254  85 110 255 255 255 255 255
200 200 214 253 253 148 110 140 139 110 149 253 253 253 253 253
 56  56 111 255 255 253 255 255 255 255 253 255 255 255 255 255
 56  56 111 255 255 253 255 255 255 255 253 255 255 255 255 255
200 200 215 255 255 253 255 255 255 255 214 111 111 216 255 255
255 255 255 255 255 253 255 255 255 255 199  56  56 201 255 255
255 255 255 255 255 253 255 255 255 255 199  56  56 201 255 255

255 255 197  40  40 195 255 255 255 255 253 255 255 255 255 255
255 255 197  40  40 195 255 255 255 255 253 255 255 255 255 255
255 255 213  98  98 210 255 255 255 255 253 255 255 213 197 197
255 255 255 255 255 253 255 255 255 255 253 255 255  99  40  40
255 255 255 255 255 253 255 255 255 255 253 255 255  99  40  40
253 253 253 253 253 141  99 130 131  99 140 253 253 211 195 195
255 255 255 255 255  99  71 254 254  72  98 255 255 255 255 255
255 255 255 255 255 130 254 255 255 254 130 255 255 255 255 255
255 255 255 255 255 131 254 255 255 254 130 255 255 255 255 255
255 255 255 255 255  99  72 254 254  72  98 255 255 255 255 255
196 196 211 253 253 140  98 130 130  98 140 253 253 253 253 253
 40  40  98 255 255 253 255 255 255 255 253 255 255 255 255 255
 40  40  98 255 255 253 255 255 255 255 253 255 255 255 255 255
196 196 212 255 255 253 255 255 255 255 211  99  99 212 255 255
255 255 255 255 255 253 255 255 255 255 196  40  40 196 255 255
255 255 255 255 255 253 255 255 255 255 196  40  40 196 255 255
255 255 214 104 104 213 255 255 255 255 253 255 255 255 255 255
255 255 214 104 104 213 255 255 255 255 253 255 255 255 255 255
255 255 225 145 145 223 255 255 255 255 253 255 255 225 214 214
255 255 255 255 255 253 255 255 255 255 253 255 255 145 104 104
255 255 255 255 255 253 255 255 255 255 253 255 255 145 104 104
253 253 253 253 253 175 145 167 167 145 175 253 253 223 213 213
255 255 255 255 255 145 126 254 254 126 144 255 255 255 255 255
255 255 255 255 255 167 254 255 255 254 167 255 255 255 255 255
255 255 255 255 255 168 254 255 255 254 167 255 255 255 255 255
255 255 255 255 255 145 127 254 254 127 144 255 255 255 255 255
213 213 224 253 253 175 144 167 167 144 174 253 253 253 253 253
104 104 145 255 255 253 255 255 255 255 253 255 255 255 255 255
104 104 145 255 255 253 255 255 255 255 253 255 255 255 255 255
214 214 225 255 255 253 255 255 255 255 224 145 145 225 255 255
255 255 255 255 255 253 255 255 255 255 213 104 104 214 255 255
255 255 255 255 255 253 255 255 255 255 213 104 104 214 255 255
255 255 201  56  56 199 255 255 255 255 253 255 255 255 255 255
255 255 201  56  56 199 255 255 255 255 253 255 255 255 255 255
255 255 216 110 110 214 255 255 255 255 253 255 255 216 201 201
255 255 255 255 255 253 255 255 255 255 253 255 255 111  56  56
255 255 255 255 255 253 255 255 255 255 253 255 255 111  56  56
253 253 253 253 253 149 110 139 140 110 149 253 253 214 199 199
255 255 255 255 255 110  85 254 254  85 110 255 255 255 255 255
255 255 255 255 255 139 254 255 255 254 139 255 255 255 255 255
255 255 255 255 255 140 254 255 255 254 140 255 255 255 255 255
255 255 255 255 255 110  86 254 254  86 110 255 255 255 255 255
200 200 214 253 253 149 110 139 140 110 148 253 253 253 253 253
 56  56 110 255 255 253 255 255 255 255 253 255 255 255 255 255
 56  56 110 255 255 253 255 255 255 255 253 255 255 255 255 255
200 200 215 255 255 253 255 255 255 255 214 111 111 215 255 255
255 255 255 255 255 253 255 255 255 255 200  56  56 200 255 255
255 255 255 255 255 253 255 255 255 255 200  56  56 200 255 255

255 255 197  40  40 195 255 255 255 255 253 255 255 255 255 255
255 255 197  40  40 195 255 255 255 255 253 255 255 255 255 255
255 255 213  99  99 211 255 255 255 255 253 255 255 212 196 196
255 255 255 255 255 253 255 255 255 255 253 255 255  99  40  40
255 255 255 255 255 253 255 255 255 255 253 255 255  99  40  40
253 253 253 253 253 140  98 130 130  98 140 253 253 211 196 196
255 255 255 255 255  99  72 254 254  72  98 255 255 255 255 255
255 255 255 255 255 131 254 255 255 254 130 255 255 255 255 255
255 255 255 255 255 130 254 255 255 254 130 255 255 255 255 255
255 255 255 255 255  99  71 254 254  72  98 255 255 255 255 255
195 195 210 253 253 141  99 130 131  99 140 253 253 253 253 253
 40  40  98 255 255 253 255 255 255 255 253 255 255 255 255 255
 40  40  98 255 255 253 255 255 255 255 253 255 255 255 255 255
197 197 213 255 255 253 255 255 255 255 211  98  98 212 255 255
255 255 255 255 255 253 255 255 255 255 196  40  40 196 255 255
255 255 255 255 255 253 255 255 255 255 196  40  40 196 255 255
255 255 214 104 104 213 255 255 255 255 253 255 255 255 255 255
255 255 214 104 104 213 255 255 255 255 253 255 255 255 255 255
255 255 225 145 145 223 255 255 255 255 253 255 255 225 214 214
255 255 255 255 255 253 255 255 255 255 253 255 255 145 104 104
255 255 255 255 255 253 255 255 255 255 253 255 255 145 104 104
253 253 253 253 253 175 144 167 167 144 174 253 253 224 213 213
255 255 255 255 255 145 126 254 254 127 144 255 255 255 255 255
255 255 255 255 255 167 254 255 255 254 167 255 255 255 255 255
255 255 255 255 255 167 254 255 255 254 167 255 255 255 255 255
255 255 255 255 255 145 126 254 254 127 144 255 255 255 255 255
213 213 223 253 253 175 145 167 168 145 175 253 253 253 253 253
104 104 145 255 255 253 255 255 255 255 253 255 255 255 255 255
104 104 145 255 255 253 255 255 255 255 253 255 255 255 255 255
214 214 225 255 255 253 255 255 255 255 224 145 145 225 255 255
255 255 255 255 255 253 255 255 255 255 213 104 104 214 255 255
255 255 255 255 255 253 255 255 255 255 213 104 104 214 255 255
255 255 201  56  56 199 255 255 255 255 253 255 255 255 255 255
255 255 201  56  56 199 255 255 255 255 253 255 255 255 255 255
255 255 216 111 111 214 255 255 255 255 253 255 255 215 200 200
255 255 255 255 255 253 255 255 255 255 253 255 255 111  56  56
255 255 255 255 255 253 255 255 255 255 253 255 255 111  56  56
253 253 253 253 253 149 110 139 140 110 148 253 253 214 200 200
255 255 255 255 255 110  85 254 254  86 110 255 255 255 255 255
255 255 255 255 255 140 254 255 255 254 140 255 255 255 255 255
255 255 255 255 255 139 254 255 255 254 139 255 255 255 255 255
255 255 255 255 255 110  85 254 254  86 110 255 255 255 255 255
199 199 214 253 253 149 110 139 140 110 149 253 253 253 253 253
 56  56 110 255 255 253 255 255 255 255 253 255 255 255 255 255
 56  56 110 255 255 253 255 255 255 255 253 255 255 255 255 255
201 201 216 255 255 253 255 255 255 255 214 110 110 215 255 255
255 255 255 255 255 253 255 255 255 255 200  56  56 200 255 255
255 255 255 255 255 253 255 255 255 255 200  56  56 200 255 255
