 16  16  16  16  16  16  16  16  16  16  16  16  16  16  16  16
 16 143 190 190  16  16  16  16  16  16  16  16 190 190 143  16
 16 190 255 255  16  54  81  81  81  81  54  16 255 255 190  16
 16 190 255 255  16  17 219 255 255 219  17  16 255 255 190  16
 16  16  16  16  16  16  17 219 219  17  16  16  16  16  16  16
 16  16  54  17  16 141 189 153 153 189 140  16  17  54  16  16
 16  16  81 220  17 189 219  17  17 219 188  17 220  81  16  16
 16  16  81 255 220 153  17  16  16  17 152 220 255  81  16  16
 16  16  81 255 219 154  17  16  16  17 153 219 255  81  16  16
 16  16  81 219  17 189 220  17  17 220 188  17 219  81  16  16
 16  16  54  17  16 140 188 153 153 188 140  16  17  54  16  16
 16  16  16  16  16  16  17 220 220  17  16  16  16  16  16  16
 16 190 255 255  16  17 220 255 255 220  17  16 255 255 190  16
 16 190 255 255  16  54  81  81  81  81  54  16 255 255 190  16
 16 143 190 190  16  16  16  16  16  16  16  16 190 190 142  16
 16  16  16  16  16  16  16  16  16  16  16  16  16  16  16  16
  0   0   0   0   0   0   0   0   0   0   0   0   0   0   0   0
  0 136 186 186   0   0   0   0   0   0   0   0 186 186 135   0
  0 186 255 255   0  41  70  70  70  70  41   0 255 255 185   0
  0 186 255 255   0   1 217 255 255 216   1   0 255 255 185   0
  0   0   0   0   0   0   1 217 217   1   0   0   0   0   0   0
  0   0  41   1   0 134 185 146 146 185 133   0   1  41   0   0
  0   0  70 217   1 185 217   1   1 217 184   1 218  69   0   0
  0   0  70 255 217 146   1   0   0   1 146 218 255  69   0   0
  0   0  70 255 217 147   1   0   0   1 146 217 255  69   0   0
  0   0  70 216   1 185 217   1   1 218 184   1 217  69   0   0
  0   0  41   1   0 133 184 146 146 184 132   0   1  40   0   0
  0   0   0   0   0   0   1 218 217   1   0   0   0   0   0   0
  0 186 255 255   0   1 218 255 255 217   1   0 255 255 185   0
  0 186 255 255   0  41  69  69  69  69  41   0 255 255 185   0
  0 135 185 185   0   0   0   0   0   0   0   0 185 185 134   0
  0   0   0   0   0   0   0   0   0   0   0   0   0   0   0   0
 32  32  32  32  32  32  32  32  32  32  32  32  32  32  32  32
 32 151 195 195  32  32  32  32  32  32  32  32 195 195 150  32
 32 195 255 255  32  68  93  93  93  93  67  32 255 255 194  32
 32 195 255 255  32  33 222 255 255 221  33  32 255 255 194  32
 32  32  32  32  32  32  33 222 221  33  32  32  32  32  32  32
 32  32  68  33  32 149 193 159 160 193 149  32  33  67  32  32
 32  32  93 222  33 193 221  33  33 222 192  33 222  92  32  32
 32  32  93 255 222 160  33  32  32  33 159 222 255  92  32  32
 32  32  93 255 221 160  33  32  32  33 160 222 255  92  32  32
 32  32  93 221  33 193 222  33  33 222 192  33 222  92  32  32
 32  32  67  33  32 149 192 159 160 192 148  32  33  67  32  32
 32  32  32  32  32  32  33 222 222  33  32  32  32  32  32  32
 32 195 255 255  32  33 222 255 255 222  33  32 255 255 194  32
 32 195 255 255  32  67  92  92  92  92  67  32 255 255 194  32
 32 150 194 194  32  32  32  32  32  32  32  32 194 194 150  32
 32  32  32  32  32  32  32  32  32  32  32  32  32  32  32  32

 16  16  16  16  16  16  16  16  16  16  16  16  16  16  16  16
 16 143 190 190  16  16  16  16  16  16  16  16 190 190 142  16
 16 190 255 255  16  54  81  81  81  81  54  16 255 255 190  16
 16 190 255 255  16  17 220 255 255 219  17  16 255 255 190  16
 16  16  16  16  16  16  17 220 219  17  16  16  16  16  16  16
 16  16  54  17  16 140 188 152 153 188 140  16  17  54  16  16
 16  16  81 219  17 189 219  17  17 220 188  17 220  81  16  16
 16  16  81 255 219 153  17  16  16  17 153 220 255  81  16  16
 16  16  81 255 219 153  17  16  16  17 153 220 255  81  16  16
 16  16  81 219  17 189 219  17  17 220 188  17 220  81  16  16
 16  16  54  17  16 141 189 153 154 189 140  16  17  54  16  16
 16  16  16  16  16  16  17 220 219  17  16  16  16  16  16  16
 16 190 255 255  16  17 220 255 255 219  17  16 255 255 190  16
 16 190 255 255  16  54  81  81  81  81  54  16 255 255 190  16
 16 143 190 190  16  16  16  16  16  16  16  16 190 190 143  16
 16  16  16  16  16  16  16  16  16  16  16  16  16  16  16  16
  0   0   0   0   0   0   0   0   0   0   0   0   0   0   0   0
  0 135 185 185   0   0   0   0   0   0   0   0 185 185 134   0
  0 186 255 255   0  41  69  69  69  69  40   0 255 255 185   0
  0 186 255 255   0   1 218 255 255 217   1   0 255 255 185   0
  0   0   0   0   0   0   1 218 217   1   0   0   0   0   0   0
  0   0  41   1   0 133 184 146 146 184 132   0   1  41   0   0
  0   0  70 216   1 185 217   1   1 218 184   1 217  69   0   0
  0   0  70 255 217 146   1   0   0   1 146 217 255  69   0   0
  0   0  70 255 217 146   1   0   0   1 146 218 255  69   0   0
  0   0  70 217   1 185 217   1   1 217 184   1 218  69   0   0
  0   0  41   1   0 134 185 146 147 185 133   0   1  41   0   0
  0   0   0   0   0   0   1 217 217   1   0   0   0   0   0   0
  0 186 255 255   0   1 217 255 255 216   1   0 255 255 185   0
  0 186 255 255   0  41  70  70  70  70  41   0 255 255 185   0
  0 136 186 186   0   0   0   0   0   0   0   0 186 186 135   0
  0   0   0   0   0   0   0   0   0   0   0   0   0   0   0   0
 32  32  32  32  32  32  32  32  32  32  32  32  32  32  32  32
 32 150 194 194  32  32  32  32  32  32  32  32 194 194 150  32
 32 195 255 255  32  67  92  92  92  92  67  32 255 255 194  32
 32 195 255 255  32  33 222 255 255 222  33  32 255 255 194  32
 32  32  32  32  32  32  33 222 222  33  32  32  32  32  32  32
 32  32  67  33  32 149 192 159 160 192 148  32  33  67  32  32
 32  32  93 221  33 193 222  33  33 222 192  33 222  92  32  32
 32  32  93 255 221 160  33  32  32  33 160 222 255  92  32  32
 32  32  93 255 222 159  33  32  32  33 159 222 255  92  32  32
 32  32  93 222  33 193 221  33  33 222 192  33 222  92  32  32
 32  32  68  33  32 149 193 160 160 193 149  32  33  67  32  32
 32  32  32  32  32  32  33 222 221  33  32  32  32  32  32  32
 32 195 255 255  32  33 222 255 255 221  33  32 255 255 194  32
 32 195 255 255  32  68  93  93  93  93  67  32 255 255 194  32
 32 151 195 195  32  32  32  32  32  32  32  32 195 195 150  32
 32  32  32  32  32  32  32  32  32  32  32  32  32  32  32  32

 16  16  16  16  16  16  16  16  16  16  16  16  16  16  16  16
 16 142 190 190  16  16  16  16  16  16  16  16 190 190 143  16
 16 190 255 255  16  54  81  81  81  81  54  16 255 255 190  16
 16 190 255 255  16  17 220 255 255 220  17  16 255 255 190  16
 16  16  16  16  16  16  17 220 220  17  16  16  16  16  16  16
 16  16  54  17  16 140 188 153 153 188 140  16  17  54  16  16
 16  16  81 219  17 188 220  17  17 220 189  17 219  81  16  16
 16  16  81 255 219 153  17  16  16  17 154 219 255  81  16  16
 16  16  81 255 220 152  17  16  16  17 153 220 255  81  16  16
 16  16  81 220  17 188 219  17  17 219 189  17 220  81  16  16
 16  16  54  17  16 140 189 153 153 189 141  16  17  54  16  16
 16  16  16  16  16  16  17 219 219  17  16  16  16  16  16  16
 16 190 255 255  16  17 219 255 255 219  17  16 255 255 190  16
 16 190 255 255  16  54  81  81  81  81  54  16 255 255 190  16
 16 143 190 190  16  16  16  16  16  16  16  16 190 190 143  16
 16  16  16  16  16  16  16  16  16  16  16  16  16  16  16  16
  0   0   0   0   0   0   0   0   0   0   0   0   0   0   0   0
  0 134 185 185   0   0   0   0   0   0   0   0 185 185 135   0
  0 185 255 255   0  41  69  69  69  69  41   0 255 255 186   0
  0 185 255 255   0   1 217 255 255 218   1   0 255 255 186   0
  0   0   0   0   0   0   1 217 218   1   0   0   0   0   0   0
  0   0  40   1   0 132 184 146 146 184 133   0   1  41   0   0
  0   0  69 217   1 184 218   1   1 217 185   1 216  70   0   0
  0   0  69 255 217 146   1   0   0   1 147 217 255  70   0   0
  0   0  69 255 218 146   1   0   0   1 146 217 255  70   0   0
  0   0  69 218   1 184 217   1   1 217 185   1 217  70   0   0
  0   0  41   1   0 133 185 146 146 185 134   0   1  41   0   0
  0   0   0   0   0   0   1 217 217   1   0   0   0   0   0   0
  0 185 255 255   0   1 216 255 255 217   1   0 255 255 186   0
  0 185 255 255   0  41  70  70  70  70  41   0 255 255 186   0
  0 135 186 186   0   0   0   0   0   0   0   0 186 186 136   0
  0   0   0   0   0   0   0   0   0   0   0   0   0   0   0   0
 32  32  32  32  32  32  32  32  32  32  32  32  32  32  32  32
 32 150 194 194  32  32  32  32  32  32  32  32 194 194 150  32
 32 194 255 255  32  67  92  92  92  92  67  32 255 255 195  32
 32 194 255 255  32  33 222 255 255 222  33  32 255 255 195  32
 32  32  32  32  32  32  33 222 222  33  32  32  32  32  32  32
 32  32  67  33  32 148 192 160 159 192 149  32  33  67  32  32
 32  32  92 222  33 192 222  33  33 222 193  33 221  93  32  32
 32  32  92 255 222 160  33  32  32  33 160 221 255  93  32  32
 32  32  92 255 222 159  33  32  32  33 160 222 255  93  32  32
 32  32  92 222  33 192 222  33  33 221 193  33 222  93  32  32
 32  32  67  33  32 149 193 160 159 193 149  32  33  68  32  32
 32  32  32  32  32  32  33 221 222  33  32  32  32  32  32  32
 32 194 255 255  32  33 221 255 255 222  33  32 255 255 195  32
 32 194 255 255  32  67  93  93  93  93  68  32 255 255 195  32
 32 150 195 195  32  32  32  32  32  32  32  32 195 195 151  32
 32  32  32  32  32  32  32  32  32  32  32  32  32  32  32  32

 16  16  16  16  16  16  16  16  16  16  16  16  16  16  16  16
 16 143 190 190  16  16  16  16  16  16  16  16 190 190 143  16
 16 190 255 255  16  54  81  81  81  81  54  16 255 255 190  16
 16 190 255 255  16  17 219 255 255 220  17  16 255 255 190  16
 16  16  16  16  16  16  17 219 220  17  16  16  16  16  16  16
 16  16  54  17  16 140 189 154 153 189 141  16  17  54  16  16
 16  16  81 220  17 188 220  17  17 219 189  17 219  81  16  16
 16  16  81 255 220 153  17  16  16  17 153 219 255  81  16  16
 16  16  81 255 220 153  17  16  16  17 153 219 255  81  16  16
 16  16  81 220  17 188 220  17  17 219 189  17 219  81  16  16
 16  16  54  17  16 140 188 153 152 188 140  16  17  54  16  16
 16  16  16  16  16  16  17 219 220  17  16  16  16  16  16  16
 16 190 255 255  16  17 219 255 255 220  17  16 255 255 190  16
 16 190 255 255  16  54  81  81  81  81  54  16 255 255 190  16
 16 142 190 190  16  16  16  16  16  16  16  16 190 190 143  16
 16  16  16  16  16  16  16  16  16  16  16  16  16  16  16  16
  0   0   0   0   0   0   0   0   0   0   0   0   0   0   0   0
  0 135 186 186   0   0   0   0   0   0   0   0 186 186 136   0
  0 185 255 255   0  41  70  70  70  70  41   0 255 255 186   0
  0 185 255 255   0   1 216 255 255 217   1   0 255 255 186   0
  0   0   0   0   0   0   1 217 217   1   0   0   0   0   0   0
  0   0  41   1   0 133 185 147 146 185 134   0   1  41   0   0
  0   0  69 218   1 184 217   1   1 217 185   1 217  70   0   0
  0   0  69 255 218 146   1   0   0   1 146 217 255  70   0   0
  0   0  69 255 217 146   1   0   0   1 146 217 255  70   0   0
  0   0  69 217   1 184 218   1   1 217 185   1 216  70   0   0
  0   0  41   1   0 132 184 146 146 184 133   0   1  41   0   0
  0   0   0   0   0   0   1 217 218   1   0   0   0   0   0   0
  0 185 255 255   0   1 217 255 255 218   1   0 255 255 186   0
  0 185 255 255   0  40  69  69  69  69  41   0 255 255 186   0
  0 134 185 185   0   0   0   0   0   0   0   0 185 185 135   0
  0   0   0   0   0   0   0   0   0   0   0   0   0   0   0   0
 32  32  32  32  32  32  32  32  32  32  32  32  32  32  32  32
 32 150 195 195  32  32  32  32  32  32  32  32 195 195 151  32
 32 194 255 255  32  67  93  93  93  93  68  32 255 255 195  32
 32 194 255 255  32  33 221 255 255 222  33  32 255 255 195  32
 32  32  32  32  32  32  33 221 222  33  32  32  32  32  32  32
 32  32  67  33  32 149 193 160 160 193 149  32  33  68  32  32
 32  32  92 222  33 192 222  33  33 221 193  33 222  93  32  32
 32  32  92 255 222 159  33  32  32  33 159 222 255  93  32  32
 32  32  92 255 222 160  33  32  32  33 160 221 255  93  32  32
 32  32  92 222  33 192 222  33  33 222 193  33 221  93  32  32
 32  32  67  33  32 148 192 160 159 192 149  32  33  67  32  32
 32  32  32  32  32  32  33 222 222  33  32  32  32  32  32  32
 32 194 255 255  32  33 222 255 255 222  33  32 255 255 195  32
 32 194 255 255  32  67  92  92  92  92  67  32 255 255 195  32
 32 150 194 194  32  32  32  32  32  32  32  32 194 194 150  32
 32  32  32  32  32  32  32  32  32  32  32  32  32  32  32  32
